15
109
110
111
118
120
123
124
125
126
127
137
138
139
145
151
152
153
159
164
172
176
177
178
214
220
221
228
235
242
243
262
274
275
276
307
308
322
333
346
347
407
408
421
439
444
445
446
502
506
775
776
777
778
779
780
781
783
784
785
786
788
790
791
792
793
794
795
796
797
798
799
800
801
802
803
805
806
808
811
812
813
814
815
818
835
836
838
839
922
923
930
932
938
939
940
942
974
1401
1405
1518
1520
1527
1533
1650
1651
1652
1669
1673
1725
1726
1739
1740
1741
1750
1772
1891
1917
1931
1939
1940
2079
2080
2081
2102
2116
2133
2141
2142
2169
2177
2178
2189
2193
2199
2944
2945
5575
5576
5577
5578
5579
5581
5582
5583
5584
5585
5586
5587
5588
5589
5590
5591
5592
5594
5596
5597
5600
5602
5604
5605
5606
5607
5608
5610
5614
5615
5618
5622
5623
5634
5635
5637
5638
5639
5640
5641
5642
5643
5652
5654
5655
5656
5657
5658
5662
5663
5664
5665
5666
5667
5668
5669
5671
5672
5673
5674
5675
5677
5680
5681
5682
5683
5684
5685
5686
5687
5688
5689
5690
5694
5697
5712
5719
5720
5721
5724
5726
5730
5731
5732
5736
5737
5739
5740
5741
5742
5743
5744
5746
5747
5749
5750
5751
5753
5754
5757
5758
5759
5760
5761
5762
5763
5764
5765
5767
5768
5769
5770
5771
5773
5774
5776
5777
5778
5779
5782
5783
5784
5785
5786
5787
5788
5789
5790
5791
5793
5794
5795
5796
5797
5798
5801
5802
5811
5813
5814
5815
5816
5819
5826
5827
5828
5829
5832
5833
5834
5838
5839
5840
5844
5845
5846
5847
5849
5850
5851
5852
5853
5856
5858
5859
5861
5862
5863
5865
5868
5869
5871
5873
5874
5875
5876
5879
5881
5882
5883
5884
5885
5886
5887
5889
5890
5891
5892
5895
5896
5898
5899
5900
5901
5902
5903
5905
5911
5912
5913
5914
5915
5916
5921
5922
5923
5924
5925
5927
5929
5930
5938
5942
5943
5944
5945
5947
5952
5953
5954
5955
5956
5958
5960
5964
5965
5967
5968
5969
5971
8021
8023
8024
8043
8074
8076
8091
8180
8250
8274
8275
8278
8280
8282
8287
8290
8305
8328
8352
8385
8537
8540
8541
8622
8623
9279
9328
9330
9331
9360
9368
9841
9897
9898
9925
9986
10008
10369
10370
10494
12505
12506
12507
12510
14069
14701
14704
14705
14731
14802
14804
15030
15629
15630
15934
15935
16010
16011
16012
16013
16020
16021
16023
16028
16035
16222
16234
16235
16272
16281
16282
16323
16324
16327
16328
16342
16363
16442
16459
16460
16461
16469
16471
16507
16513
16514
16528
16529
16533
16580
16581
16589
16590
16591
16592
16593
16600
16602
16604
16605
16607
16935
16938
16939
16942
17053
17059
17090
17101
17102
17109
17119
17133
17146
17177
18444
19005
19008
19031
19034
19185
19773
19815
19867
19897
19898
19907
19908
20003
20018
22624
22625
22626
22627
30008
30014
30015
30016
30017
30018
30027
30054
30055
30056
30057
30061
30112
30117
30118
30119
30120
30121
30122
30123
30125
30126
30127
30128
30130
30131
30132
30133
30134
30135
30136
30137
30139
30140
30141
30173
30175
30176
30285
30286
30289
30314
30315
30424
30425
30426
30427
30478
30485
30496
30526
30529
30532
30658
30659
30660
30663
30665
30666
30667
30669
30670
30672
30673
30677
30686
30687
30688
30690
30691
30692
30849
30863
30864
30867
30868
30870
30877
30891
30893
30894
30895
30896
30897
30904
30905
30906
30914
30915
30956
30981
30990
30991
30992
31011
31012
31045
31074
31080
31083
31084
31085
31088
31089
31090
31091
31092
31093
31094
31095
31105
31143
31201
31205
31209
31213
31224
31225
31226
31227
31228
31232
31233
31234
31235
31240
31251
31252
31253
31256
31258
31260
31261
31262
31264
31265
31298
31301
31302
31304
31305
31306
31307
31313
31314
31315
31362
31371
31372
31379
31389
31390
31410
31415
31417
31428
31429
31430
31436
31461
31462
31463
31464
31465
31466
31467
31477
31501
31502
31510
31512
31513
31514
31515
31519
31523
31526
31527
31528
31588
31592
31594
31595
31597
31616
31618
31672
31673
31674
31838
31901
31902
31904
31905
31931
31932
31933
31941
31965
31966
31981
31982
31983
31985
31988
32002
32009
32010
32021
32039
32040
32044
32045
32059
32116
32127
32133
32144
32154
32279
32280
32281
32299
32300
32301
32302
32311
32389
32391
32398
32419
32420
32421
32426
32432
32433
32437
32444
32449
32541
32545
32580
32584
32585
32587
32588
32589
32590
32591
32592
32593
32777
32783
32797
32807
32809
32838
32839
32937
32982
32983
32991
32993
32994
32996
32998
33010
33017
33018
33063
33065
33093
33116
33150
33162
33165
33167
33176
33178
33179
33180
33185
33186
33256
33257
33263
33268
33269
33270
33276
33290
33291
33391
33503
33553
33557
33565
33588
33593
33596
33597
33768
34045
34066
34098
34271
34272
34274
34358
34359
34360
34361
34362
34363
34364
34365
34366
34388
34399
34423
34448
34451
34455
34456
34457
34464
34466
34515
34518
34663
34665
34666
34667
34669
34673
34677
34678
34679
34680
34681
34683
34684
34686
34687
34693
34702
34704
34705
34706
34707
34709
34715
34719
34750
34751
34752
34753
34774
34991
34993
35003
35032
35061
35068
35097
35098
35102
35145
35189
35253
35267
35327
35339
35354
35355
35363
35370
35371
35517
35577
35578
35579
35631
35686
35692
35693
35748
35749
35770
35805
35838
35841
35861
35867
35869
35985
36019
36020
36021
36024
36025
36026
36027
36028
36029
36030
36038
36053
36057
36064
36117
36126
36128
36156
36157
36195
36266
36396
36398
36449
36457
36464
36477
36488
36501
36502
36513
38037
38038
38039
42022
42101
42105
42175
42272
42382
42383
42405
42406
42470
42555
42564
42565
42567
42571
42581
42582
42583
42584
42585
42587
42588
42589
42599
42612
42613
42622
42627
42629
42641
42643
42645
42719
42721
42734
42765
42788
42824
42825
42827
42995
43005
43020
43025
43033
43034
43083
43159
43186
43190
43194
43195
43196
43197
43198
43202
43203
43204
43205
43209
43218
43219
43220
43224
43229
43231
43234
43235
43240
43257
43259
43260
43265
43292
43293
43296
43509
43512
43513
43514
43527
43540
43541
43564
43596
43614
43625
43626
43657
43679
44194
44207
44214
44216
44220
44224
44228
44231
44232
44233
44291
44292
44294
44295
44297
44299
44300
44302
44304
44305
44306
44307
44308
44309
44322
44326
44327
44354
44393
44530
44545
44599
44609
44611
44613
44614
44615
44666
44753
44754
44798
44853
45025
45092
45095
45098
45111
45120
45121
45160
45171
45177
45178
45179
45180
45202
45211
45239
45252
45254
45261
45263
45273
45277
45298
45323
45334
45335
46540
46581
46658
46691
46696
46930
48179
48188
48237
48269
48471
48476
48786
48787
48788
51233
51286
55037
55038
55087
55120
60053
60076
60077
60170
60171
60187
60201
60203
60205
60342
60987
61202
61474
61574
61617
61618
61673
61689
61700
65010
70022
70032
70033
70044
70062
70069
70083
70110
70187
70195
70274
70369
70381
70382
70390
70419
70435
70436
70442
70449
70461
70469
70522
70531
70545
70552
70554
70557
70578
70603
70618
70652
70685
70688
70695
70702
70703
70724
70743
70761
70762
70765
70772
70776
70820
70821
70822
70826
70847
70852
70860
70876
70877
70931
70937
70938
70939
70971
70985
71001
71004
71006
71007
71008
71010
71011
71012
71013
71014
71021
71062
71065
71133
71141
71144
71159
71203
71204
71339
71437
71438
71439
71458
71541
71546
71547
71556
71561
71564
71565
71575
71595
71598
71665
71682
71748
71750
71751
71752
71756
71757
71782
71797
71817
71818
71819
71821
71920
71942
71944
71953
71986
72357
72372
72487
72517
72534
72536
72546
72557
72558
72559
72562
72563
72589
72669
72686
72687
80008
89701
90498
90533
90534
90537
90543
90544
90571
90575
90651
90661
97013
97025
97038
97057
97058
97059
97060
97136
97144
97149
97165
97169
97181
97182
97183
97197
97208
97209
97224
97225
97226
97227
97228
97229
97232
97233
97255
97342
97344
97361
97362
97381
97386
97413
97418
97422
97427
97431
97433
97440
97441
97442
97443
97447
97449
97450
97451
97452
97453
97454
97456
97470
97486
97487
97489
97504
97513
97524
97525
97526
97539
97542
97546
97598
97629
97631
97632
97635
98536
98547
98554
98556
98559
98574
98575
98592
98594
98595
98636
98793
98794
98797
98875
99503
99617
1901588
1902495
1902554
1902560
1902636
1902710
1902711
1902737
1902911
1902937
1903561
1904115
1904602
1905103
1990008
1990023
1990031
1990037
1990047
1990071
1990072
1990075
1990077
1990111
1990124
1990130
1990131
1990234
1990246
1990298
1990316
1990332
1990356
1990357
1990391
1990393
1990423
1990429
1990435
1990452
1990454
1990565
1990572
1990578
1990589
1990590
1990597
1990604
1990617
1990622
1990630
1990635
1990666
1990667
1990682
1990696
1990707
1990712
1990716
1990718
1990723
1990726
1990730
1990745
1990752
1990761
1990769
1990794
1990795
1990796
1990812
1990843
1990844
1990851
1990876
1990879
1990904
1990907
1990909
1990923
