15
118
123
124
125
127
137
138
139
145
151
159
164
176
177
178
220
228
235
242
262
274
275
276
307
308
322
346
407
421
502
506
775
776
777
779
781
784
785
786
788
790
791
793
794
795
800
801
802
805
806
812
813
835
839
922
932
942
974
1405
1518
1520
1650
1651
1652
1669
1673
1725
1726
1739
1740
1741
1750
1772
1891
1917
1931
1939
1940
2080
2102
2133
2142
2169
2177
2199
2944
2945
5575
5576
5578
5579
5581
5587
5589
5604
5605
5615
5622
5623
5634
5635
5637
5639
5640
5641
5643
5652
5654
5657
5663
5665
5666
5667
5669
5671
5675
5677
5680
5681
5682
5685
5686
5687
5689
5694
5697
5712
5719
5720
5721
5726
5730
5732
5737
5739
5740
5741
5742
5743
5744
5746
5747
5749
5750
5751
5753
5754
5757
5758
5759
5761
5762
5763
5764
5765
5768
5769
5770
5771
5773
5776
5777
5778
5779
5782
5783
5785
5786
5788
5789
5790
5791
5793
5794
5795
5796
5798
5801
5802
5811
5813
5814
5815
5819
5826
5829
5832
5833
5838
5839
5840
5844
5845
5846
5849
5851
5852
5853
5856
5859
5861
5862
5863
5865
5868
5869
5871
5874
5875
5876
5881
5882
5884
5886
5887
5889
5890
5891
5895
5896
5898
5899
5900
5901
5902
5903
5905
5911
5912
5913
5916
5923
5925
5927
5929
5930
5938
5942
5943
5944
5945
5947
5952
5953
5958
5960
5964
5965
5967
5968
8021
8024
8043
8074
8076
8091
8180
8250
8278
8280
8290
8305
8540
9279
9328
9331
9353
9368
9841
9897
9898
9925
9986
10008
10369
10494
12505
12506
12507
14069
14701
14704
14731
14802
14804
15030
15629
15630
15935
16010
16011
16012
16013
16020
16021
16023
16234
16235
16272
16281
16282
16323
16324
16327
16328
16363
16459
16460
16461
16469
16471
16507
16514
16528
16529
16533
16580
16581
16591
16592
16600
16602
16604
16605
16607
16935
16942
17053
17059
17101
17102
17109
17133
18444
19005
19866
19897
19898
19908
20003
22624
22625
22626
22627
30008
30014
30016
30017
30018
30027
30054
30055
30056
30057
30061
30112
30117
30118
30119
30122
30126
30127
30128
30130
30131
30132
30133
30134
30135
30136
30137
30139
30140
30141
30173
30175
30176
30285
30314
30315
30424
30425
30426
30478
30485
30496
30529
30532
30658
30659
30660
30663
30665
30666
30667
30669
30670
30672
30673
30686
30687
30688
30863
30864
30867
30868
30870
30877
30891
30893
30894
30896
30904
30905
30914
30956
31011
31012
31045
31083
31089
31090
31092
31093
31095
31105
31143
31201
31209
31224
31225
31226
31232
31233
31234
31235
31252
31253
31258
31264
31265
31298
31304
31305
31307
31314
31362
31390
31410
31417
31430
31461
31462
31463
31464
31466
31510
31512
31513
31514
31526
31527
31588
31594
31595
31597
31616
31618
31672
31674
31838
31901
31902
31904
31933
31941
31965
31966
31981
31982
31985
32002
32009
32040
32045
32059
32144
32154
32279
32281
32389
32391
32398
32420
32421
32432
32433
32444
32580
32585
32587
32588
32590
32591
32592
32593
32797
32809
32838
32839
32982
32991
32993
33010
33017
33018
33116
33165
33179
33180
33185
33256
33263
33268
33269
33270
33276
33290
33391
33503
33553
33557
33565
34045
34098
34358
34359
34360
34361
34362
34363
34364
34365
34366
34399
34423
34451
34455
34457
34464
34515
34663
34673
34678
34687
34704
34705
34707
34709
34715
34719
34774
34991
34993
35032
35061
35097
35145
35189
35253
35267
35327
35339
35354
35355
35371
35577
35631
35686
35692
35693
35748
35749
35770
35838
35841
35861
35867
35869
35985
36020
36064
36126
36157
36449
36464
36501
36513
38037
38038
38039
42022
42101
42105
42175
42382
42383
42405
42406
42470
42567
42571
42581
42582
42583
42584
42587
42588
42589
42599
42612
42613
42622
42627
42629
42641
42643
42645
42719
42720
42721
42734
42765
42788
42995
43005
43025
43033
43034
43083
43159
43190
43194
43195
43196
43197
43198
43202
43203
43204
43205
43209
43219
43220
43229
43231
43234
43235
43240
43292
43293
43296
43509
43512
43513
43514
43596
43626
43679
44220
44224
44228
44231
44233
44291
44292
44295
44297
44299
44300
44304
44306
44308
44316
44322
44354
44666
44753
44754
44853
45025
45095
45111
45120
45121
45160
45171
45177
45179
45180
45202
45211
45252
45254
45261
45263
45277
45298
45334
45335
46540
46581
46658
46696
46930
48179
48471
48786
48787
48788
51233
51286
55037
55038
60053
60076
60077
60170
60171
60201
60203
60205
60342
60987
61202
61574
61617
61673
65010
70032
70033
70044
70062
70069
70083
70110
70195
70381
70419
70435
70436
70449
70469
70531
70552
70557
70603
70618
70688
70724
70743
70761
70765
70776
70852
70937
70938
70971
71004
71008
71011
71013
71141
71159
71204
71339
71437
71541
71556
71564
71565
71595
71598
71682
71782
71817
71818
71942
71944
72357
72372
72492
72536
72546
72557
72559
72562
72563
72669
72686
72687
80008
90498
90534
90537
90575
97038
97057
97058
97059
97060
97136
97144
97165
97169
97196
97197
97208
97209
97225
97226
97227
97228
97342
97386
97418
97431
97433
97440
97441
97443
97449
97450
97454
97456
97486
97489
97504
97524
97542
97546
97598
98536
98547
98574
98575
98636
98793
98794
98797
99617
1902554
1902710
1902711
1902911
1902937
1903561
1903767
1904115
1990037
1990047
1990075
1990234
1990391
1990452
1990589
1990590
1990597
1990604
1990617
1990630
1990666
1990667
1990682
1990696
1990707
1990712
1990730
1990752
1990761
1990812
1990843
1990844
1990851
1990904
1990909
