30
36
49
62
64
104
146
149
166
175
179
182
224
246
247
248
250
252
253
254
285
287
293
295
309
339
340
386
400
701
703
773
774
827
828
829
831
832
975
976
977
978
979
980
981
982
983
987
988
989
993
1012
1016
1025
1042
1046
1047
1069
1076
1077
1078
1085
1102
1103
1104
1105
1106
1135
1147
1158
1162
1190
1191
1205
1206
1221
1223
1227
1228
1530
1532
1540
1567
1605
1614
1618
1635
1641
1642
1664
1665
1671
1727
1729
1730
1733
1758
1784
1786
1791
1847
1849
1850
1851
1875
1948
1965
1968
1972
2020
2039
2113
2114
2134
2135
2151
2153
2161
2162
3674
3676
3677
3678
3680
3682
3684
3690
3697
3700
3705
3707
3708
3712
3713
3714
3720
3723
3724
3725
3727
3729
3730
3735
3743
3746
3747
3755
3756
3774
3777
3779
3785
3796
3823
3824
3826
3828
3831
3836
3840
3841
3842
3844
3845
3846
3847
3851
3854
3857
3858
3863
3865
3867
3870
3872
3873
3876
3878
3880
3881
3882
3887
3899
3905
3906
3909
3910
3917
3918
3924
3945
3947
3950
3954
3956
3957
3958
3960
3972
3973
3975
3976
3983
3985
3986
3988
3989
3990
3993
3994
3995
3997
3998
4003
4004
4008
4012
4013
4017
4018
4019
4021
4022
4024
4027
4028
4029
4030
4031
4032
4033
4035
4044
4045
4046
4047
4052
4053
4056
4057
4062
4064
4065
4066
4069
4070
4075
4077
4078
4079
4080
4081
4084
4085
4087
4088
4089
4090
4092
4095
4096
4098
4102
4103
4104
4105
4108
4109
4111
4113
4115
4117
4119
4127
4128
4129
4133
4134
4135
4138
4142
4143
4144
4148
4151
4152
4157
4161
4165
4169
4170
4174
4175
4176
4177
4190
4197
4198
4222
4252
4298
4300
4301
4303
4304
4305
4306
4307
4308
4310
4311
4312
4313
4314
4315
4316
4317
4319
4320
4322
4324
4325
4326
4329
4331
4332
4336
4337
4340
4345
4347
4348
4349
4350
4352
4353
4359
4361
4362
4364
4366
4367
4368
4370
4372
4373
4375
4376
4379
4380
4381
4382
4383
4385
4386
4395
4396
4402
4407
4408
4416
4419
4420
4421
4423
4427
4430
4435
4438
4439
4445
4449
4450
4452
4458
4459
4461
4464
4465
4466
4467
4470
4471
4473
4477
4479
4485
4486
4487
4488
4490
4491
4494
4496
4497
4498
4504
4506
4507
4508
4509
4512
4513
4514
4515
4517
4519
4520
4521
4525
4530
4532
4535
4536
4550
4553
4557
4559
4563
4565
4568
4577
4578
4582
4585
4587
4591
4594
4596
4598
4601
4602
4605
4607
4608
4609
4611
4613
4614
4616
4618
4620
4622
4623
4629
4630
4634
4638
4639
4645
4649
4657
4658
4660
4661
4662
4663
4666
4667
4668
4671
4672
4673
4674
4675
4677
4679
4683
4687
4689
4691
4693
4697
4698
4699
4702
4705
4706
4707
4708
4709
4712
4713
4714
4715
4716
4720
4721
4722
4724
4725
4729
4735
4736
4738
4739
4740
4741
4743
4745
4758
4760
4766
4767
4768
4769
4771
4773
4775
4776
4777
4784
4791
4792
4797
4802
4803
4806
4807
4810
4816
4819
4820
4822
4823
4824
4826
4828
4830
4831
4832
4838
4839
4842
4843
4844
4857
4859
4860
4861
4862
4864
4866
4867
4869
4871
4872
4879
4883
4886
4887
4888
4890
4896
4897
4900
4902
4904
4905
4906
4908
4909
4910
4911
4912
4913
4914
4917
4918
4919
4920
4921
4923
4925
4930
4931
4937
4945
4948
4950
4955
4957
4965
4984
4985
4994
5000
5001
5003
5004
5005
5006
5010
5021
5025
5031
5035
5041
5042
5044
5046
5047
5048
5049
5057
5068
5070
5078
5080
5085
5086
5088
5089
5092
5093
5095
5096
5102
5104
5109
5113
5114
5123
5125
5126
5127
5128
5129
5130
5131
5132
5133
5134
5135
5136
5137
5138
5139
5140
5141
5142
5143
5144
5146
5147
5148
5149
5150
5151
5152
5153
5154
5157
5158
5159
5160
5161
5163
5164
5166
5168
5172
5173
5174
5175
5176
5178
5179
5198
5200
5201
5212
5215
5219
5223
5227
5229
5230
5237
5242
5244
5245
5246
5247
5248
5249
5251
5254
5261
5262
5267
5272
5275
5276
5308
5309
5310
5313
5314
5315
5319
5324
5326
5328
5332
5337
5344
5345
5347
5350
5351
5353
5355
5367
5372
5381
5385
5388
5391
5432
5436
5452
5462
5477
5484
5496
5497
5501
5503
5504
5506
5507
5509
5515
5516
5518
5520
5521
5522
5523
5524
5525
5528
5536
5537
5539
5540
5542
5543
5544
5545
5546
5547
5548
5549
8009
8013
8017
8020
8022
8026
8028
8035
8046
8047
8061
8066
8068
8073
8083
8092
8093
8094
8097
8107
8109
8111
8113
8116
8117
8118
8120
8121
8123
8131
8134
8135
8137
8138
8139
8140
8142
8143
8144
8146
8157
8160
8168
8171
8177
8179
8184
8186
8190
8191
8193
8195
8198
8199
8200
8201
8233
8234
8235
8236
8237
8238
8240
8252
8253
8260
8266
8269
8270
8289
8301
8307
8308
8312
8320
8321
8327
8329
8353
8373
8374
8375
8378
8379
8386
8387
8392
8395
8396
8401
8403
8404
8405
8408
8413
8417
8422
8425
8426
8429
8430
8431
8440
8442
8449
8453
8457
8458
8466
8470
8474
8480
8481
8482
8483
8484
8489
8495
8499
8503
8509
8510
8511
8514
8517
8519
8525
8526
8527
8532
8534
8536
8553
8559
8565
8568
8574
8599
8601
8603
8607
8609
8656
8670
8689
8709
8725
8732
8745
8746
8750
8757
8761
8781
8783
8785
8794
8808
8811
8817
8821
8853
8865
8889
8890
8891
8934
8948
8963
8970
9013
9032
9055
9374
9384
9917
9922
9931
10181
10314
10385
10485
10855
10859
10997
15020
15026
15035
15036
15038
15039
15068
15075
15078
15079
15106
15125
15129
15130
15132
15137
15139
15142
15143
15166
15168
15171
15172
15179
15183
15187
15204
15207
15216
15217
15218
15227
15228
15230
15232
15238
15245
15248
15250
15252
15254
15265
15266
15267
15269
15276
15278
15288
15291
15293
15297
15319
15320
15321
15347
15361
15367
15385
15386
15439
15450
15459
15464
15467
15485
15495
15501
15562
15616
15631
15643
16004
16005
16015
16018
16019
16034
16149
16151
16154
16155
16165
16167
16174
16175
16176
16206
16208
16209
16212
16213
16223
16229
16230
16248
16278
16279
16287
16289
16290
16295
16296
16298
16301
16303
16307
16308
16309
16312
16401
16402
16404
16407
16410
16462
16491
16493
16494
16495
16504
16505
16508
16509
16531
16532
16538
16594
16595
16597
16608
16614
16615
16620
16627
16628
16651
16653
16655
16671
16684
16702
16705
16706
16709
16712
16722
16723
16740
16742
16746
16757
16763
16779
16784
16787
16790
16791
16798
16814
16829
16830
16831
16844
16853
16860
16866
16874
16876
16881
16884
16887
16918
16922
16933
16934
16936
16972
17016
17018
17022
17025
17034
17040
17046
17048
17049
17050
17060
17064
17069
17070
17075
17077
17080
17081
17084
17089
17091
17098
17099
17108
17112
17113
17124
17127
17128
17129
17134
17136
17137
17147
17160
17162
17166
17171
17176
18024
18271
18454
18455
18467
18478
18479
18636
18685
19003
19104
19107
19115
19145
19158
19166
19172
19206
19208
19209
19210
19212
19213
19215
19534
19706
19781
19787
19825
19829
19834
19838
19840
19841
19843
19855
19865
19871
19887
19894
19899
19900
19901
19902
19903
19904
19905
19911
19912
19948
19955
19956
19957
19958
19959
19960
19962
19966
19969
19970
19976
19981
19982
19992
20037
22824
22841
22851
22852
22857
22890
23026
30023
30060
30145
30151
30156
30159
30165
30169
30170
30172
30184
30197
30215
30229
30233
30234
30235
30246
30247
30274
30276
30283
30284
30290
30291
30292
30295
30296
30297
30298
30306
30331
30332
30337
30342
30343
30346
30368
30369
30371
30374
30375
30380
30492
30506
30507
30515
30544
30546
30547
30548
30549
30551
30552
30554
30586
30616
30619
30620
30621
30623
30624
30628
30674
30676
30695
30729
30731
30742
30881
30898
30911
30942
30943
30955
30957
30971
30976
30977
30984
31005
31013
31014
31071
31072
31177
31210
31267
31369
31386
31402
31403
31404
31406
31418
31419
31432
31433
31434
31435
31489
31490
31492
31531
31543
31545
31593
31624
31625
31683
31690
31694
31695
31696
31697
31698
31699
31700
31702
31724
31726
31727
31729
31730
31731
31732
31735
31737
31748
31768
31800
31851
31852
31867
31871
31957
31994
31995
31996
31997
32027
32036
32038
32041
32050
32052
32090
32137
32139
32145
32266
32357
32395
32403
32405
32407
32427
32428
32440
32448
32452
32557
32564
32794
32795
32810
32813
32947
33130
33142
33188
33192
33218
33229
33265
33558
33592
33613
33691
33737
33743
33780
33781
33783
33791
33814
33882
33961
33989
34038
34039
34040
34041
34056
34057
34062
34185
34186
34188
34189
34190
34191
34236
34237
34437
34450
34452
34458
34485
34594
34595
34596
34602
34604
34617
34618
34711
34713
34714
34736
34875
34979
34986
34987
35004
35005
35033
35035
35064
35091
35173
35174
35175
35197
35198
35226
35250
35252
35255
35257
35258
35259
35276
35325
35368
35379
35401
35402
35403
35410
35473
35497
35539
35591
35615
35620
35651
35662
35663
35717
35718
35727
35800
35877
35925
35939
36002
36033
36041
36042
36094
36105
36122
36130
36131
36132
36143
36219
36374
36402
36403
36435
36455
36459
36470
36478
38021
38025
38036
38051
38052
38062
38164
39706
42007
42008
42015
42017
42018
42030
42043
42056
42134
42162
42163
42164
42165
42166
42169
42277
42282
42284
42285
42288
42289
42301
42379
42392
42393
42497
42577
42586
42605
42608
42609
42623
42625
42626
42658
42781
42800
42802
42803
42805
42809
42813
42826
42834
42903
42923
42954
42974
42975
42978
43008
43014
43015
43021
43022
43023
43024
43027
43047
43120
43125
43130
43139
43169
43176
43177
43178
43183
43184
43185
43208
43225
43236
43237
43274
43295
43325
43337
43395
43398
43422
43423
43425
43522
43531
43533
43539
43544
43546
43548
43559
43560
43565
43621
43682
43754
43783
43795
43812
43813
43916
43924
44183
44212
44213
44323
44325
44388
44389
44390
44548
44594
44595
44596
44610
44713
44714
44822
45134
45155
45159
45236
45296
45340
45352
45353
45485
45499
45502
45505
45509
45513
45517
45518
45523
45545
45550
45569
45703
46030
46332
46554
46577
46625
46703
46789
46790
46817
46870
46872
46875
46899
46914
46920
46933
46934
46935
46943
46961
46965
46966
46969
46970
46975
46982
46983
47006
47012
47015
47016
47017
47020
47023
47035
47045
47066
47086
47105
47115
47117
47144
47179
47184
47192
47223
47224
47238
47256
47263
47277
47280
47291
47298
47305
47322
47323
47372
47394
47395
47442
47444
47451
47485
47493
47498
47499
47522
47555
47598
47617
47638
47676
47693
47714
47718
47743
47747
47750
47751
47760
47783
47787
47801
47860
47865
47894
47915
47939
47961
47962
47963
47969
48018
48019
48020
48027
48029
48037
48038
48039
48101
48156
48185
48244
48248
48306
48365
48406
48407
48487
48495
48763
50038
50051
50080
50104
50115
50145
50197
50211
50220
50252
50262
50291
50294
50321
50347
50353
50405
50431
50444
50459
50462
50473
50510
50512
50528
50543
50544
50567
50591
50613
50614
50632
50649
50660
50661
50662
50681
50682
50699
50733
50750
50780
50786
50811
50815
50816
50833
50839
50840
50998
51010
51015
51019
51020
51022
51059
51082
51087
51117
51120
51213
51219
51287
51371
51373
51378
51393
51400
51425
51428
51430
51434
51525
51536
51537
51538
51539
51721
51724
51787
51861
51879
51880
51903
51916
51920
51959
51990
51996
52591
52629
52642
52650
52654
52655
52656
52658
52659
52689
52692
52723
52724
52794
52795
52796
52798
52810
52811
52812
52815
52816
52817
52821
52822
52832
52833
52834
52836
52839
52852
52853
52854
52858
52869
52871
52872
52890
52927
52928
52929
55056
55100
55102
55103
55131
60090
60228
60229
60230
60698
61547
61575
61598
61599
61609
61629
61630
61631
61649
61750
61752
70006
70008
70012
70016
70034
70053
70061
70063
70064
70080
70087
70119
70180
70181
70182
70224
70251
70273
70290
70300
70324
70325
70326
70330
70335
70361
70362
70402
70403
70411
70412
70491
70492
70513
70524
70530
70538
70539
70576
70577
70626
70628
70653
70678
70679
70698
70699
70728
70742
70840
70851
70888
70891
70892
70905
70915
70991
71532
71558
71614
71723
71791
71796
71813
71837
71862
71889
71933
71936
71949
72341
72345
72518
72542
80023
80025
80101
80122
80130
89720
90554
97001
97003
97027
97110
97153
97157
97159
97160
97177
97199
97200
97258
97259
97322
97371
97493
97602
98505
98625
98626
98641
102132
102336
102337
102338
102339
102340
102341
102344
102345
102391
103073
1901612
1901981
1903135
1903136
1903924
1904264
1904288
1904454
1904928
1990136
1990175
1990226
1990239
1990247
1990254
1990275
1990381
1990405
1990422
1990459
1990460
1990583
1990631
1990698
1990782
1990841
2001069
2001070
