9
14
16
26
30
33
35
36
49
62
64
104
121
146
149
150
155
166
171
175
179
182
213
224
225
246
247
248
250
252
253
254
257
268
285
287
293
295
309
334
339
340
386
400
403
404
405
406
701
703
773
774
822
827
828
829
832
900
975
976
977
978
979
980
981
982
983
987
988
989
991
993
1010
1011
1012
1025
1030
1031
1032
1042
1046
1047
1069
1071
1075
1076
1077
1078
1085
1087
1093
1094
1102
1103
1104
1105
1106
1128
1129
1133
1135
1147
1156
1158
1159
1161
1162
1164
1165
1179
1187
1190
1191
1205
1206
1221
1222
1223
1226
1227
1228
1515
1517
1530
1532
1537
1540
1567
1587
1588
1591
1594
1595
1596
1601
1602
1605
1607
1609
1614
1616
1618
1626
1631
1632
1635
1640
1641
1642
1664
1665
1671
1716
1727
1729
1730
1733
1735
1758
1784
1785
1786
1792
1847
1848
1849
1850
1851
1855
1856
1861
1872
1875
1882
1883
1888
1918
1948
1965
1968
1972
2020
2039
2046
2055
2058
2059
2060
2083
2113
2114
2134
2135
2151
2153
2161
2162
2196
3674
3676
3677
3678
3680
3682
3684
3688
3689
3690
3691
3692
3696
3697
3700
3705
3707
3708
3712
3713
3714
3720
3721
3723
3724
3725
3726
3727
3729
3730
3735
3743
3746
3747
3755
3756
3774
3777
3779
3785
3796
3810
3823
3824
3826
3827
3828
3829
3830
3831
3834
3835
3836
3837
3839
3840
3841
3842
3844
3845
3846
3847
3851
3854
3857
3858
3860
3863
3865
3867
3868
3870
3872
3873
3874
3875
3876
3878
3880
3881
3882
3883
3884
3886
3887
3896
3899
3905
3906
3908
3909
3910
3912
3916
3917
3918
3919
3920
3921
3922
3923
3924
3934
3937
3938
3939
3940
3941
3943
3944
3945
3947
3948
3950
3951
3952
3953
3954
3955
3956
3957
3958
3960
3962
3963
3964
3968
3972
3973
3974
3975
3976
3977
3978
3979
3980
3983
3985
3986
3987
3988
3989
3990
3993
3994
3995
3996
3997
3998
3999
4000
4001
4003
4004
4008
4012
4013
4014
4016
4017
4018
4019
4020
4021
4022
4024
4027
4028
4029
4030
4031
4032
4033
4035
4037
4040
4043
4044
4045
4046
4047
4051
4052
4053
4055
4056
4058
4059
4060
4062
4063
4064
4065
4066
4067
4069
4070
4074
4075
4077
4078
4079
4080
4081
4082
4083
4084
4085
4087
4088
4089
4090
4092
4095
4096
4098
4102
4103
4104
4105
4108
4109
4111
4112
4113
4114
4115
4117
4118
4119
4122
4123
4124
4126
4127
4128
4129
4131
4132
4133
4134
4135
4137
4138
4139
4140
4142
4143
4144
4145
4146
4148
4149
4151
4152
4155
4157
4161
4163
4164
4165
4167
4168
4169
4170
4174
4175
4176
4177
4180
4181
4185
4190
4197
4198
4222
4252
4298
4300
4301
4303
4304
4305
4306
4307
4308
4310
4311
4312
4313
4314
4315
4316
4317
4319
4320
4322
4324
4325
4326
4329
4331
4332
4333
4334
4335
4336
4337
4339
4340
4341
4342
4345
4346
4347
4348
4349
4350
4351
4352
4353
4356
4357
4359
4360
4361
4362
4363
4364
4365
4367
4368
4370
4371
4372
4373
4375
4376
4377
4379
4380
4381
4382
4383
4385
4386
4392
4394
4395
4396
4397
4398
4402
4407
4408
4411
4415
4416
4418
4419
4420
4421
4422
4423
4427
4430
4435
4438
4439
4441
4445
4447
4449
4450
4452
4454
4459
4461
4462
4463
4464
4465
4466
4467
4468
4470
4471
4473
4475
4476
4477
4478
4482
4483
4484
4485
4486
4487
4488
4489
4490
4491
4492
4494
4496
4497
4498
4499
4500
4502
4503
4504
4505
4506
4507
4508
4509
4510
4511
4512
4513
4514
4515
4517
4518
4519
4520
4521
4522
4523
4525
4526
4527
4528
4530
4531
4532
4535
4536
4540
4549
4550
4551
4553
4555
4556
4557
4558
4559
4560
4561
4563
4565
4566
4567
4568
4569
4571
4572
4573
4574
4575
4576
4577
4579
4581
4582
4583
4584
4585
4586
4587
4588
4590
4591
4594
4595
4596
4597
4598
4601
4602
4603
4605
4607
4608
4609
4610
4611
4613
4614
4615
4616
4617
4618
4619
4620
4621
4622
4623
4629
4630
4631
4632
4633
4634
4637
4638
4639
4641
4642
4643
4644
4645
4647
4648
4649
4651
4652
4653
4655
4656
4657
4658
4659
4660
4661
4662
4663
4666
4667
4668
4671
4672
4673
4674
4675
4676
4677
4679
4683
4687
4689
4691
4692
4693
4694
4697
4698
4699
4702
4703
4704
4705
4706
4707
4708
4709
4711
4712
4713
4714
4715
4716
4719
4720
4721
4722
4723
4724
4725
4726
4727
4728
4729
4730
4731
4733
4735
4736
4738
4739
4740
4741
4742
4743
4744
4745
4747
4748
4749
4750
4751
4756
4757
4758
4760
4766
4767
4768
4769
4771
4772
4773
4775
4776
4777
4781
4782
4784
4788
4791
4792
4794
4796
4797
4798
4799
4800
4801
4802
4803
4806
4807
4809
4813
4814
4815
4816
4817
4818
4819
4820
4821
4822
4823
4824
4825
4826
4827
4828
4829
4830
4831
4832
4833
4838
4839
4842
4843
4844
4849
4850
4852
4853
4854
4855
4856
4857
4859
4860
4861
4862
4864
4865
4866
4867
4869
4871
4872
4873
4874
4875
4876
4877
4878
4879
4882
4883
4886
4887
4888
4889
4890
4896
4897
4900
4902
4904
4905
4906
4908
4909
4910
4911
4912
4913
4914
4917
4918
4919
4920
4921
4923
4925
4930
4931
4937
4938
4939
4940
4941
4943
4944
4945
4946
4947
4948
4949
4950
4951
4952
4955
4956
4957
4958
4961
4962
4963
4964
4965
4966
4967
4968
4969
4970
4971
4972
4974
4977
4978
4979
4980
4982
4983
4984
4985
4990
4991
4992
4993
4994
4995
4996
4997
4998
4999
5000
5001
5003
5004
5005
5006
5007
5008
5009
5010
5011
5017
5018
5019
5020
5021
5024
5025
5026
5030
5031
5034
5041
5042
5044
5046
5047
5048
5049
5052
5053
5055
5057
5068
5070
5072
5078
5080
5085
5086
5087
5088
5089
5090
5092
5093
5094
5095
5096
5102
5104
5105
5109
5110
5111
5112
5113
5114
5115
5119
5123
5124
5125
5126
5127
5128
5129
5130
5131
5132
5133
5134
5135
5136
5137
5138
5139
5140
5141
5142
5143
5144
5146
5147
5148
5149
5150
5151
5152
5153
5154
5157
5158
5159
5160
5161
5163
5164
5166
5168
5169
5170
5171
5172
5173
5174
5175
5176
5178
5179
5183
5184
5185
5198
5199
5200
5201
5212
5215
5216
5219
5220
5221
5222
5223
5224
5225
5227
5229
5230
5231
5232
5234
5237
5242
5243
5244
5245
5246
5247
5248
5249
5250
5251
5252
5253
5254
5260
5261
5262
5267
5272
5275
5277
5280
5283
5289
5290
5292
5298
5302
5307
5308
5309
5310
5313
5314
5315
5316
5319
5324
5325
5326
5328
5329
5330
5332
5333
5334
5335
5337
5338
5344
5345
5347
5350
5351
5353
5355
5362
5367
5369
5372
5375
5381
5384
5385
5388
5391
5395
5412
5415
5427
5432
5436
5451
5452
5456
5457
5459
5461
5462
5471
5477
5483
5484
5487
5496
5497
5499
5501
5502
5504
5506
5507
5509
5515
5516
5518
5519
5520
5521
5522
5523
5524
5525
5527
5528
5534
5536
5537
5539
5540
5542
5543
5544
5545
5546
5547
5548
5549
8009
8013
8017
8020
8022
8026
8028
8035
8046
8047
8048
8061
8066
8068
8073
8079
8080
8081
8083
8092
8093
8094
8097
8106
8107
8108
8109
8111
8112
8113
8115
8116
8117
8119
8120
8121
8123
8124
8127
8131
8134
8135
8137
8138
8139
8140
8142
8143
8144
8146
8147
8157
8158
8160
8168
8170
8171
8172
8173
8175
8176
8177
8179
8184
8186
8187
8188
8190
8191
8192
8193
8194
8195
8198
8199
8200
8201
8233
8234
8235
8236
8237
8238
8239
8240
8241
8242
8251
8252
8253
8254
8260
8263
8265
8266
8267
8269
8270
8271
8273
8276
8281
8289
8294
8296
8301
8307
8308
8309
8310
8311
8312
8320
8321
8324
8327
8329
8330
8331
8332
8336
8349
8353
8373
8374
8375
8376
8378
8379
8381
8384
8386
8387
8389
8392
8395
8396
8398
8401
8403
8404
8405
8408
8409
8413
8417
8418
8419
8420
8422
8424
8425
8426
8427
8428
8429
8430
8431
8432
8434
8437
8440
8441
8444
8445
8446
8448
8449
8453
8454
8455
8456
8458
8459
8460
8465
8466
8467
8469
8470
8474
8475
8476
8478
8479
8480
8481
8482
8483
8484
8486
8488
8489
8493
8494
8495
8496
8499
8502
8503
8504
8506
8507
8508
8509
8510
8511
8513
8514
8517
8518
8519
8520
8521
8523
8525
8526
8527
8528
8531
8532
8534
8536
8545
8553
8554
8555
8559
8565
8568
8569
8574
8597
8599
8601
8603
8607
8609
8613
8649
8650
8656
8670
8689
8705
8709
8721
8725
8732
8745
8746
8747
8750
8753
8757
8761
8775
8781
8783
8785
8794
8798
8802
8803
8811
8821
8823
8829
8832
8843
8852
8853
8859
8865
8889
8890
8891
8894
8897
8898
8900
8903
8934
8940
8941
8948
8955
8962
8963
8967
8969
8970
8995
9000
9007
9008
9013
9032
9041
9055
9374
9378
9383
9384
9673
9881
9882
9917
9922
9931
9982
10181
10309
10314
10385
10465
10484
10485
10521
10698
10736
10855
10857
10858
10859
10997
15016
15018
15019
15020
15026
15035
15036
15037
15038
15039
15052
15054
15055
15056
15057
15065
15068
15075
15077
15078
15079
15081
15085
15086
15087
15088
15091
15093
15094
15095
15098
15101
15105
15106
15108
15111
15112
15114
15116
15125
15126
15127
15129
15130
15132
15136
15137
15139
15141
15142
15143
15149
15152
15165
15166
15168
15171
15172
15173
15174
15175
15179
15180
15181
15182
15183
15184
15186
15187
15189
15190
15191
15193
15194
15195
15197
15198
15204
15205
15207
15211
15217
15218
15220
15222
15226
15227
15228
15229
15230
15232
15234
15235
15238
15245
15248
15250
15252
15254
15265
15266
15267
15269
15271
15272
15275
15276
15277
15278
15279
15280
15288
15291
15293
15295
15297
15299
15301
15307
15319
15320
15321
15327
15333
15347
15349
15350
15355
15361
15362
15367
15368
15375
15377
15378
15379
15382
15385
15386
15389
15390
15403
15410
15420
15421
15432
15433
15439
15440
15450
15459
15464
15467
15485
15489
15491
15499
15501
15538
15562
15578
15616
15631
15633
15639
15643
15645
15651
15659
15660
15662
15923
15926
15932
16004
16005
16015
16018
16019
16034
16149
16150
16151
16154
16155
16160
16165
16167
16174
16175
16176
16206
16208
16209
16212
16213
16229
16230
16231
16232
16247
16248
16250
16262
16263
16274
16277
16278
16279
16286
16287
16289
16290
16295
16296
16298
16300
16301
16303
16307
16308
16309
16312
16314
16316
16361
16362
16401
16402
16403
16404
16405
16407
16409
16410
16411
16416
16422
16423
16427
16428
16429
16430
16435
16462
16491
16492
16493
16494
16495
16496
16497
16499
16501
16503
16504
16505
16508
16509
16519
16520
16521
16524
16530
16531
16532
16534
16538
16594
16595
16597
16603
16608
16614
16615
16616
16618
16627
16628
16641
16651
16653
16655
16667
16671
16679
16684
16702
16705
16706
16709
16711
16712
16715
16716
16722
16723
16740
16742
16746
16757
16763
16768
16773
16779
16780
16783
16784
16787
16788
16790
16791
16798
16799
16805
16807
16810
16811
16812
16814
16820
16829
16831
16836
16844
16846
16849
16853
16854
16857
16860
16866
16874
16876
16881
16884
16887
16888
16890
16892
16896
16901
16903
16907
16913
16918
16920
16922
16929
16933
16934
16936
16941
16971
16972
16990
16992
16997
17005
17016
17017
17018
17020
17022
17024
17025
17034
17040
17042
17045
17046
17048
17049
17050
17056
17057
17060
17061
17064
17065
17069
17070
17075
17076
17077
17080
17081
17082
17084
17089
17091
17095
17096
17098
17099
17108
17110
17111
17112
17113
17124
17125
17127
17128
17129
17134
17136
17137
17147
17150
17151
17153
17154
17159
17160
17161
17162
17166
17168
17171
17172
17174
17176
18024
18025
18114
18169
18271
18423
18454
18455
18467
18478
18479
18585
18636
18675
18676
18685
18733
18738
18812
19002
19003
19103
19104
19107
19119
19135
19144
19145
19158
19166
19172
19201
19206
19207
19208
19209
19210
19211
19212
19213
19215
19237
19531
19534
19706
19763
19767
19770
19776
19777
19778
19779
19780
19781
19782
19784
19785
19787
19788
19789
19797
19799
19807
19810
19811
19825
19826
19828
19829
19834
19838
19840
19841
19842
19843
19855
19862
19863
19864
19865
19869
19870
19871
19887
19888
19894
19899
19900
19901
19902
19903
19904
19905
19911
19912
19948
19955
19956
19957
19958
19959
19960
19962
19964
19966
19969
19970
19976
19981
19982
19992
20037
22820
22824
22829
22839
22840
22841
22843
22848
22850
22851
22852
22857
22865
22890
22891
22894
23024
23026
23029
23030
30020
30023
30060
30107
30108
30109
30110
30144
30145
30151
30156
30158
30159
30160
30165
30169
30170
30171
30172
30184
30197
30215
30229
30234
30235
30246
30247
30249
30250
30251
30267
30272
30273
30274
30275
30276
30280
30283
30284
30290
30291
30292
30294
30295
30296
30297
30298
30305
30306
30331
30332
30337
30342
30343
30345
30346
30348
30350
30351
30354
30362
30366
30368
30369
30371
30372
30374
30375
30377
30378
30379
30380
30387
30395
30407
30409
30412
30414
30429
30492
30504
30506
30507
30515
30544
30546
30548
30549
30551
30552
30553
30554
30586
30594
30616
30617
30618
30619
30620
30621
30622
30623
30624
30626
30627
30628
30674
30676
30695
30697
30729
30731
30742
30760
30881
30882
30883
30884
30898
30899
30911
30942
30943
30955
30957
30971
30975
30976
30977
30983
30984
31005
31013
31014
31071
31072
31151
31177
31208
31210
31267
31369
31370
31386
31402
31403
31404
31405
31406
31418
31419
31432
31433
31434
31435
31489
31490
31491
31492
31493
31531
31543
31544
31545
31593
31624
31625
31626
31628
31681
31682
31683
31685
31686
31690
31691
31692
31694
31695
31696
31697
31698
31699
31700
31701
31702
31703
31707
31708
31710
31711
31713
31715
31716
31721
31724
31726
31727
31729
31730
31731
31732
31735
31737
31741
31748
31749
31750
31752
31755
31762
31764
31765
31766
31769
31770
31771
31772
31773
31775
31781
31782
31798
31800
31802
31812
31821
31826
31835
31849
31851
31852
31855
31856
31857
31858
31859
31861
31870
31871
31877
31883
31894
31895
31896
31957
31994
31995
31996
31997
32027
32028
32029
32036
32038
32041
32050
32051
32052
32089
32090
32093
32137
32138
32139
32145
32182
32183
32184
32190
32217
32266
32357
32358
32393
32394
32395
32396
32399
32403
32405
32407
32422
32427
32428
32448
32450
32451
32452
32453
32454
32500
32549
32556
32557
32561
32564
32567
32575
32767
32791
32794
32795
32810
32813
32841
32947
33038
33130
33142
33149
33188
33192
33204
33218
33229
33265
33300
33549
33558
33560
33570
33592
33612
33613
33676
33677
33691
33699
33737
33743
33746
33749
33754
33780
33781
33783
33787
33791
33798
33814
33823
33829
33857
33858
33867
33871
33872
33878
33882
33885
33897
33906
33919
33925
33961
33981
33989
34012
34038
34039
34040
34041
34046
34056
34057
34185
34186
34188
34189
34190
34191
34212
34235
34236
34237
34353
34417
34437
34450
34452
34458
34485
34511
34512
34513
34584
34590
34593
34594
34595
34596
34597
34602
34604
34617
34618
34632
34647
34648
34711
34713
34714
34722
34736
34875
34899
34979
34986
34987
34988
35004
35005
35014
35033
35034
35035
35064
35091
35173
35174
35175
35197
35198
35226
35240
35241
35242
35243
35248
35250
35251
35252
35254
35255
35256
35257
35258
35259
35276
35299
35312
35325
35326
35368
35373
35374
35375
35379
35401
35402
35403
35410
35472
35473
35497
35500
35501
35515
35516
35529
35538
35539
35575
35591
35594
35598
35605
35612
35613
35614
35615
35620
35639
35642
35643
35650
35651
35662
35663
35717
35718
35727
35730
35731
35757
35758
35800
35851
35870
35877
35925
35939
36002
36004
36033
36041
36042
36054
36055
36094
36105
36122
36130
36131
36132
36134
36139
36140
36143
36219
36220
36222
36310
36312
36313
36317
36326
36327
36332
36374
36393
36402
36403
36435
36455
36458
36459
36461
36468
36470
36478
36487
36505
38021
38023
38024
38025
38036
38046
38047
38048
38049
38051
38052
38062
38064
38085
38106
38117
38121
38132
38164
38181
38186
38191
39552
39706
42007
42008
42015
42030
42043
42054
42056
42131
42132
42134
42162
42163
42164
42165
42166
42169
42171
42277
42281
42282
42284
42285
42287
42288
42289
42292
42296
42301
42328
42356
42379
42392
42393
42497
42500
42562
42577
42578
42586
42602
42605
42608
42609
42610
42623
42624
42625
42626
42658
42731
42781
42799
42800
42801
42802
42803
42805
42806
42809
42813
42826
42834
42835
42903
42910
42922
42923
42931
42947
42954
42974
42975
42978
42988
43008
43014
43015
43021
43022
43023
43024
43027
43028
43035
43047
43120
43121
43125
43130
43136
43138
43139
43140
43141
43142
43167
43168
43169
43175
43176
43177
43178
43183
43184
43185
43199
43208
43221
43225
43236
43237
43262
43273
43274
43295
43325
43394
43395
43398
43404
43422
43423
43425
43426
43492
43495
43515
43522
43531
43532
43533
43539
43544
43546
43548
43559
43560
43565
43566
43621
43682
43734
43754
43783
43795
43812
43813
43843
43874
43890
43914
43916
43924
43997
44020
44183
44212
44213
44323
44325
44377
44378
44388
44389
44390
44540
44547
44548
44549
44594
44595
44596
44610
44713
44714
44715
44716
44717
44736
44822
44877
45028
45029
45030
45031
45032
45127
45130
45134
45145
45155
45159
45174
45182
45183
45236
45294
45295
45296
45309
45322
45340
45352
45353
45485
45499
45502
45503
45504
45505
45509
45513
45518
45523
45545
45550
45569
45703
46030
46332
46403
46404
46525
46526
46527
46538
46539
46554
46570
46577
46592
46625
46703
46789
46790
46811
46817
46848
46870
46872
46873
46875
46899
46904
46911
46914
46915
46920
46922
46923
46933
46934
46935
46943
46961
46965
46966
46969
46970
46974
46975
46976
46978
46979
46980
46982
46983
47006
47012
47015
47017
47020
47021
47023
47035
47042
47045
47057
47066
47086
47105
47115
47117
47127
47130
47131
47134
47144
47150
47159
47166
47173
47179
47184
47191
47192
47198
47223
47225
47237
47238
47263
47273
47280
47288
47290
47291
47293
47298
47312
47315
47316
47322
47323
47325
47341
47369
47372
47374
47389
47391
47394
47395
47429
47442
47444
47451
47453
47464
47485
47493
47498
47499
47522
47545
47555
47560
47598
47617
47620
47631
47638
47658
47676
47693
47696
47704
47708
47710
47714
47718
47726
47734
47743
47747
47750
47751
47756
47757
47760
47783
47787
47800
47801
47804
47840
47844
47856
47860
47874
47894
47915
47936
47939
47945
47961
47962
47963
47969
47977
47982
48018
48019
48020
48027
48029
48030
48037
48038
48039
48040
48101
48156
48185
48244
48248
48256
48257
48270
48273
48306
48365
48403
48406
48407
48408
48487
48495
48763
50023
50031
50038
50051
50062
50072
50080
50104
50115
50119
50121
50129
50135
50144
50145
50146
50152
50178
50197
50211
50220
50221
50252
50253
50254
50262
50265
50277
50290
50291
50294
50313
50321
50333
50347
50353
50354
50355
50379
50405
50421
50429
50431
50436
50444
50459
50462
50473
50501
50508
50509
50510
50512
50528
50543
50544
50560
50567
50577
50591
50610
50613
50614
50632
50649
50656
50659
50660
50661
50662
50681
50682
50683
50692
50693
50694
50698
50699
50700
50733
50750
50780
50785
50786
50811
50815
50816
50833
50839
50840
50998
51010
51011
51015
51018
51019
51020
51022
51033
51059
51082
51087
51117
51119
51120
51139
51183
51213
51219
51264
51265
51267
51287
51371
51373
51377
51378
51379
51380
51393
51400
51424
51425
51427
51428
51430
51431
51434
51525
51536
51537
51538
51539
51575
51717
51718
51721
51722
51724
51731
51733
51736
51786
51787
51800
51861
51864
51870
51879
51880
51903
51908
51916
51920
51959
51990
51996
51998
52381
52591
52593
52594
52595
52596
52597
52598
52599
52600
52629
52642
52650
52654
52655
52656
52657
52658
52659
52689
52692
52723
52724
52725
52726
52739
52740
52741
52745
52794
52795
52796
52798
52810
52811
52812
52815
52816
52817
52821
52822
52825
52826
52828
52829
52830
52831
52832
52833
52834
52835
52836
52839
52840
52841
52842
52843
52844
52845
52846
52847
52848
52851
52852
52853
52854
52855
52858
52869
52871
52872
52884
52885
52890
52894
52895
52899
52901
52902
52903
52904
52906
52907
52909
52917
52918
52925
52926
55056
55077
55100
55102
55103
55105
55106
55131
60001
60002
60072
60090
60175
60228
60230
60422
60590
60698
61133
61503
61513
61547
61575
61578
61597
61598
61599
61604
61605
61609
61627
61628
61629
61630
61631
61649
61656
61665
61676
61690
61697
61711
61712
61714
61750
61752
70006
70008
70009
70012
70016
70025
70026
70034
70037
70039
70051
70052
70053
70061
70063
70064
70080
70087
70095
70097
70119
70123
70139
70140
70180
70181
70182
70191
70224
70251
70260
70273
70290
70300
70320
70324
70325
70326
70330
70335
70336
70361
70362
70363
70379
70401
70402
70403
70404
70410
70411
70412
70463
70491
70492
70506
70513
70524
70530
70538
70539
70551
70573
70576
70577
70579
70626
70628
70644
70653
70678
70679
70694
70698
70699
70700
70728
70733
70735
70736
70739
70740
70742
70773
70780
70815
70840
70851
70853
70878
70883
70888
70890
70891
70892
70905
70915
70975
70976
70984
70990
70991
70996
71074
71164
71207
71208
71209
71253
71532
71535
71558
71566
71567
71568
71614
71617
71723
71791
71796
71813
71820
71837
71855
71862
71884
71886
71889
71890
71933
71936
71949
71987
72320
72341
72345
72354
72518
72542
72544
72545
72572
80019
80023
80025
80101
80122
80130
80132
80146
86006
86007
86008
86037
86038
86039
86040
86056
86059
86060
86061
86062
86063
86075
86077
86080
86083
86087
86089
86090
89720
90416
90541
90554
90560
90624
97001
97003
97016
97020
97027
97100
97108
97109
97110
97153
97157
97158
97159
97160
97161
97162
97177
97199
97200
97258
97259
97260
97322
97363
97371
97372
97493
97573
97602
97604
97626
97627
97655
98505
98519
98531
98599
98601
98619
98625
98626
98632
98639
98640
98641
98772
98821
102007
102008
102009
102132
102279
102336
102337
102338
102339
102340
102341
102344
102345
102390
102391
102483
103073
1901612
1901707
1901981
1902098
1902118
1902121
1902122
1902282
1902379
1902387
1902388
1903135
1903136
1903763
1903924
1904012
1904013
1904047
1904264
1904265
1904288
1904399
1904454
1904455
1904492
1904493
1904928
1904929
1990050
1990081
1990136
1990174
1990175
1990188
1990189
1990190
1990226
1990239
1990244
1990247
1990254
1990259
1990272
1990275
1990380
1990381
1990405
1990422
1990430
1990439
1990444
1990450
1990459
1990460
1990583
1990631
1990698
1990715
1990738
1990763
1990782
1990825
1990829
1990841
1990931
2001065
2001069
2001070
