2
3
11
12
18
19
22
23
27
28
32
38
42
45
50
52
53
54
55
56
59
60
66
70
75
76
77
79
82
83
86
96
97
98
103
105
117
122
132
154
160
165
173
183
184
185
186
187
188
189
209
212
226
244
245
255
256
266
271
272
278
281
288
289
290
291
294
296
301
302
303
305
320
338
349
350
354
375
379
380
381
387
389
390
395
398
413
414
415
416
422
430
432
433
435
447
448
453
460
461
462
463
466
467
469
470
472
478
479
480
481
492
494
495
578
707
710
711
712
715
717
718
720
722
723
724
725
727
729
730
731
732
733
737
738
819
820
821
902
904
910
915
917
920
921
956
957
958
961
962
963
964
965
966
972
973
1080
1100
1172
1189
1193
1207
1300
1302
1306
1315
1501
1502
1503
1504
1505
1507
1508
1510
1514
1516
1519
1522
1523
1525
1539
1541
1542
1543
1544
1545
1546
1547
1550
1552
1553
1554
1555
1556
1558
1560
1561
1562
1568
1569
1570
1573
1574
1575
1576
1578
1579
1580
1581
1582
1649
1654
1655
1656
1657
1658
1659
1660
1661
1662
1666
1667
1672
1675
1676
1678
1680
1682
1692
1694
1695
1696
1697
1698
1701
1702
1704
1705
1706
1707
1708
1709
1710
1711
1712
1714
1731
1732
1736
1738
1743
1754
1755
1756
1757
1759
1763
1764
1765
1766
1768
1770
1771
1773
1774
1775
1776
1777
1778
1779
1780
1781
1782
1783
1787
1798
1805
1806
1808
1809
1812
1816
1817
1818
1819
1820
1821
1822
1823
1824
1825
1826
1827
1828
1829
1831
1832
1833
1834
1835
1836
1837
1838
1839
1840
1841
1842
1843
1844
1845
1865
1866
1867
1869
1878
1880
1881
1885
1886
1887
1889
1890
1892
1893
1894
1895
1909
1910
1912
1913
1914
1915
1916
1919
1920
1921
1922
1923
1927
1928
1932
1933
1934
1935
1936
1937
1938
1941
1942
1944
1945
1946
1947
1949
1951
1952
1953
1954
1955
1956
1957
1958
1959
1960
1961
1963
1964
1966
1967
1970
1971
1973
1974
1975
1976
1980
1984
1985
1991
1992
1994
1996
1997
2001
2003
2005
2009
2011
2016
2017
2018
2019
2021
2023
2024
2025
2026
2027
2028
2029
2031
2032
2033
2034
2035
2036
2037
2038
2040
2041
2042
2043
2051
2052
2053
2062
2063
2064
2066
2067
2068
2070
2071
2072
2074
2076
2077
2082
2084
2085
2086
2087
2088
2089
2090
2091
2092
2093
2098
2100
2115
2118
2121
2125
2128
2138
2143
2149
2152
2154
2155
2158
2159
2175
2176
2181
2183
2184
2190
2192
2194
2215
2218
2221
2223
2224
2227
2228
2230
2232
2237
2244
2246
2248
2250
2260
2262
2263
2264
2268
2270
2277
2281
2282
2283
2286
2291
2292
2295
2296
2302
2309
2312
2313
2314
2315
2316
2317
2318
2320
2322
2323
2326
2327
2328
2329
2331
2333
2335
2337
2347
2352
2353
2355
2357
2358
2360
2361
2362
2366
2367
2368
2369
2371
2374
2376
2377
2378
2380
2381
2384
2385
2399
2407
2408
2414
2415
2416
2418
2426
2429
2430
2431
2432
2437
2438
2439
2443
2446
2448
2455
2456
2457
2460
2462
2467
2474
2476
2479
2480
2481
2485
2489
2495
2502
2503
2504
2506
2507
2508
2513
2517
2518
2519
2520
2521
2522
2523
2526
2528
2532
2534
2537
2540
2541
2542
2543
2544
2548
2551
2553
2554
2561
2566
2572
2573
2576
2578
2581
2587
2588
2590
2591
2605
2606
2625
2626
2634
2635
2636
2637
2638
2639
2642
2643
2644
2645
2651
2652
2663
2664
2666
2667
2668
2669
2673
2674
2675
2676
2677
2678
2679
2682
2683
2684
2685
2686
2687
2689
2690
2691
2692
2693
2695
2696
2710
2711
2715
2717
2718
2720
2721
2724
2725
2726
2730
2731
2737
2739
2740
2741
2752
2755
2756
2757
2758
2759
2760
2761
2762
2763
2764
2765
2767
2768
2769
2774
2778
2787
2790
2792
2793
2803
2819
2820
2821
2826
2827
2828
2829
2830
2839
2840
2842
2851
2859
2860
2862
2863
2865
2866
2875
2876
2878
2879
2881
2882
2885
2891
2897
2902
2903
2904
2906
2920
2922
2924
2925
2930
2931
2934
2940
2943
2949
3006
3007
3009
3011
3012
3013
3014
3016
3017
3025
3026
3029
3032
3044
3050
3051
3056
3057
3058
3059
3062
3064
3065
3069
3073
3081
3084
3085
3091
3093
3094
3095
3096
3097
3099
3100
3104
3105
3106
3108
3127
3130
3131
3138
3139
3140
3142
3143
3144
3147
3148
3149
3150
3151
3156
3157
3158
3160
3161
3162
3165
3166
3167
3168
3169
3170
3171
3174
3175
3179
3180
3181
3183
3184
3185
3186
3188
3190
3192
3193
3195
3197
3198
3199
3203
3205
3207
3208
3209
3210
3211
3213
3214
3215
3218
3219
3220
3221
3222
3223
3229
3231
3236
3241
3245
3247
3251
3253
3254
3256
3257
3259
3266
3270
3272
3273
3274
3278
3279
3281
3283
3284
3285
3289
3290
3294
3300
3308
3309
3310
3311
3322
3323
3326
3327
3329
3331
3333
3334
3335
3337
3338
3339
3340
3341
3342
3344
3345
3350
3351
3353
3356
3357
3358
3359
3360
3363
3365
3366
3374
3376
3382
3383
3401
3402
3404
3406
3407
3408
3409
3413
3415
3416
3417
3418
3419
3420
3421
3429
3430
3431
3433
5513
5975
5976
5977
5978
5979
5980
5981
5983
5984
5985
5989
5991
5993
5996
5997
5998
5999
6000
6001
6002
6003
6004
6006
6007
6011
6012
6013
6015
6020
6021
6024
6027
6029
6030
6032
6037
6040
6041
6042
6043
6044
6045
6046
6047
6048
6049
6051
6054
6061
6062
6065
6066
6068
6069
6071
6072
6081
6082
6083
6084
6085
6086
6089
6090
6091
6094
6096
6097
6098
6099
6101
6102
6103
6104
6105
6106
6107
6108
6109
6110
6111
6112
6114
6116
6117
6119
6120
6121
6122
6123
6127
6139
6144
6145
6147
6148
6154
6157
6163
6164
6165
6166
6167
6168
6171
6172
6173
6174
6175
6177
6178
6182
6183
6185
6186
6188
6189
6193
6195
6196
6198
6203
6206
6207
6208
6210
6211
6212
6213
6214
6218
6220
6221
6222
6226
6227
6228
6231
6233
6235
6238
6241
6256
6258
6259
6260
6261
6264
6265
6266
6267
6268
6269
6270
6271
6272
6273
6275
6278
6281
6282
6283
6284
6285
6286
6287
6288
6289
6290
6293
6294
6295
6296
6297
6298
6301
6302
6303
6304
6306
6307
6308
6309
6310
6311
6312
6313
6323
6325
6333
6334
6335
6336
6337
6338
6342
6343
6344
6346
6348
6349
6351
6352
6353
6354
6355
6356
6357
6359
6360
6361
6362
6363
6364
6366
6367
6368
6369
6370
6376
6378
6379
6382
6383
6384
6386
6388
6390
6391
6393
6396
6397
6398
6399
6400
6401
6402
6403
6404
6405
6406
6407
6408
6409
6412
6413
6414
6415
6417
6418
6419
6420
6421
6422
6423
6424
6425
6426
6427
6428
6429
6430
6431
6432
6433
6434
6435
6436
6437
6438
6446
6449
6450
6452
6457
6458
6461
6463
6464
6465
6468
6469
6470
6471
6473
6474
6475
6476
6477
6478
6479
6481
6482
6486
6487
6488
6489
6490
6491
6493
6497
6499
6501
6505
6506
6507
6508
6509
6511
6513
6515
6516
6517
6518
6520
6521
6525
6526
6527
6528
6529
6531
6532
6533
6534
6535
6536
6537
6538
6540
6541
6542
6543
6544
6545
6546
6547
6548
6549
6552
6554
6555
6556
6557
6559
6560
6561
6562
6563
6564
6565
6566
6568
6569
6571
6572
6573
6574
6575
6576
6577
6579
6580
6581
6582
6583
6584
6585
6590
6591
6592
6593
6595
6596
6597
6598
6600
6601
6605
6606
6607
6608
6610
6611
6612
6613
6614
6616
6617
6620
6621
6622
6623
6624
6625
6626
6627
6629
6631
6633
6635
6636
6637
6638
6641
6642
6643
6644
6646
6649
6650
6651
6654
6655
6656
6657
6658
6659
6660
6661
6662
6663
6664
6665
6666
6667
6668
6669
6670
6672
6677
6678
6679
6680
6681
6682
6683
6684
6685
6686
6687
6688
6689
6690
6691
6693
6694
6695
6699
6700
6701
6702
6703
6704
6705
6706
6707
6710
6711
6713
6720
6725
6726
6729
6730
6734
6738
6739
6740
6741
6742
6743
6744
6747
6749
6750
6751
6754
6756
6757
6760
6766
6768
6769
6771
6772
6776
6777
6778
6779
6780
6781
6782
6783
6784
6788
6789
6790
6796
6797
6801
6805
6807
6808
6809
6810
6811
6812
6813
6814
6816
6817
6820
6821
6824
6825
6826
6828
6829
6833
6835
6836
6837
6839
6851
6853
6855
6857
6863
6864
6865
6867
6868
6869
6873
6874
6875
6876
6878
6879
6880
6882
6883
6884
6885
6886
6887
6888
6890
6891
6892
6893
6895
6896
6897
6898
6900
6903
6904
6906
6907
6909
6910
6911
6913
6914
6915
6919
6921
6924
6925
6928
6929
6930
6931
6933
6935
6936
6937
6939
6940
6941
6942
6948
6949
6950
6952
6953
6954
6955
6956
6957
6958
6959
6965
6968
6970
6971
6972
6974
6975
6977
6978
6979
6982
6983
6984
6986
6987
6990
6991
6995
6996
6997
6998
6999
7000
7004
7005
7006
7007
7008
7009
7010
7014
7015
7016
7017
7018
7019
7020
7021
7023
7026
7028
7029
7030
7031
7032
7033
7034
7035
7039
7040
7041
7042
7043
7044
7049
7050
7051
7052
7057
7059
7060
7062
7063
7064
7066
7067
7070
7072
7076
7077
7079
7080
7084
7088
7089
7091
7093
7094
7095
7096
7097
7098
7099
7100
7113
7126
7127
7129
7130
7131
7140
7141
7143
7144
7147
7154
7155
7156
7157
7158
7159
7160
7161
7162
7163
7164
7165
7166
7167
7168
7169
7171
7172
7173
7174
7175
7176
7178
7179
7181
7182
7183
7184
7185
7186
7187
7188
7189
7190
7191
7193
7194
7195
7196
7197
7198
7199
7200
7202
7204
7205
7206
7207
7208
7210
7212
7213
7214
7215
7216
7217
7218
7219
7220
7221
7223
7224
7225
7227
7228
7229
7231
7249
7250
7252
7253
7254
7256
7257
7258
7259
7260
7262
7263
7264
7265
7266
7267
7268
7269
7270
7271
7274
7275
7276
7281
7283
7286
7288
7289
7290
7291
7292
7296
7320
7321
7329
7338
7339
7340
7341
7342
7343
7344
7346
7352
7354
7356
7368
7369
7371
7379
7386
7387
7388
7389
7398
7399
7400
7402
7403
7405
7406
7409
7411
7412
7413
7416
7417
7418
7420
7422
7423
7431
7435
7440
7442
7468
7492
7493
7494
7495
7497
7498
7499
7500
7501
7506
7507
7509
7512
7517
7518
7519
7520
7521
7522
7525
7528
7529
7530
7538
7548
7549
7565
7566
7567
7568
7569
7576
7584
7585
7586
7588
7589
7595
7596
7597
7598
7599
7600
7601
7602
7603
7605
7606
7608
7610
7611
7612
7613
7614
7616
7617
7618
7620
7621
7622
7623
7624
7625
7626
7628
7631
7632
7634
7635
7638
8015
8016
8033
8037
8038
8039
8045
8049
8050
8052
8053
8054
8057
8063
8064
8065
8078
8088
8089
8090
8104
8105
8150
8152
8154
8156
8202
8203
8206
8207
8209
8210
8211
8217
8218
8219
8228
8272
8277
8283
8284
8285
8286
8292
8295
8298
8299
8306
8333
8334
8340
8343
8344
8347
8354
8355
8356
8360
8361
8366
8380
8406
8535
8542
8543
8544
8582
8584
8585
8588
8589
8593
8594
8595
8608
8610
8611
8612
8615
8616
8617
8625
8626
8627
8628
8630
8631
8635
8637
8643
8645
8652
8654
8655
9048
9051
9052
9056
9058
9060
9062
9063
9069
9070
9071
9072
9082
9083
9086
9098
9099
9100
9101
9103
9106
9107
9108
9113
9115
9116
9117
9128
9132
9134
9142
9143
9154
9156
9157
9159
9165
9166
9168
9181
9186
9187
9190
9191
9200
9204
9214
9220
9223
9225
9229
9231
9234
9235
9236
9247
9249
9253
9256
9257
9258
9259
9263
9264
9266
9267
9268
9298
9299
9301
9303
9304
9305
9306
9308
9309
9311
9312
9313
9314
9386
9395
9396
9398
9399
9403
9404
9405
9408
9409
9410
9411
9414
9416
9435
9436
9437
9438
9440
9441
9443
9444
9446
9447
9448
9449
9450
9451
9452
9566
9582
9583
9584
9585
9590
9593
9595
9597
9605
9607
9609
9611
9612
9615
9617
9620
9624
9628
9629
9631
9635
9636
9642
9644
9645
9648
9649
9650
9651
9653
9692
9720
9725
9743
9744
9749
9750
9755
9756
9758
9785
9786
9789
9790
9791
9792
9794
9798
9804
9812
9813
9817
9820
9822
9826
9838
9855
9880
9887
9888
9890
9893
9912
9913
9914
9946
9948
9949
9950
9952
9953
9954
9956
9957
9966
9967
9968
9972
9987
9988
9991
9992
9994
10001
10002
10021
10025
10032
10033
10034
10035
10038
10039
10040
10041
10042
10043
10044
10045
10046
10070
10085
10092
10106
10107
10121
10124
10133
10155
10157
10159
10164
10165
10171
10172
10189
10193
10212
10216
10224
10225
10226
10232
10243
10248
10255
10256
10257
10259
10260
10265
10266
10269
10273
10286
10288
10310
10324
10332
10360
10387
10388
10389
10390
10424
10430
10446
10447
10452
10453
10454
10455
10457
10458
10459
10460
10463
10464
10466
10467
10468
10469
10470
10477
10481
10482
10498
10499
10501
10506
10507
10508
10509
10510
10512
10513
10517
10518
10519
10522
10523
10524
10529
10531
10534
10535
10543
10544
10557
10559
10560
10564
10565
10566
10569
10571
10572
10573
10574
10575
10578
10579
10586
10587
10591
10592
10593
10594
10595
10596
10603
10606
10607
10608
10609
10610
10611
10613
10614
10621
10623
10625
10626
10628
10629
10631
10632
10633
10634
10635
10636
10637
10638
10640
10641
10642
10643
10644
10649
10650
10652
10656
10657
10659
10664
10666
10667
10668
10669
10693
10694
10700
10701
10710
10711
10712
10714
10715
10716
10717
10718
10719
10720
10721
10722
10724
10725
10727
10729
10730
10734
10735
10737
10738
10739
10742
10743
10744
10745
10748
10750
10751
10752
10754
10756
10757
10758
10759
10760
10761
10762
10763
10764
10765
10766
10767
10768
10770
10792
10793
10796
10797
10800
10801
10803
10804
10807
10808
10810
10811
10812
10813
10814
10815
10816
10817
10818
10819
10820
10821
10822
10823
10824
10825
10826
10827
10828
10829
10830
10831
10832
10833
10835
10836
10837
10838
10839
10840
10841
10842
10845
10847
10848
10849
10862
10863
10866
10867
10868
10869
10870
10871
10872
10873
10874
10875
10876
10878
10880
10881
10882
10883
10884
10886
10887
10888
10890
10891
10894
10897
10898
10899
10900
10902
10903
10905
10906
10907
10909
10916
10917
10918
10920
10921
10922
10923
10925
10933
10934
10936
10939
10940
10941
10942
10944
10948
10949
10950
10951
10952
10954
10955
10956
10957
10960
10961
10963
10965
10966
10968
10970
10971
10972
10975
10976
10977
10980
10983
10987
10988
10989
10991
10992
10994
10996
10998
10999
12501
14002
14003
14005
14009
14010
14012
14013
14015
14016
14028
14029
14031
14032
14033
14034
14036
14037
14038
14040
14041
14042
14043
14044
14047
14048
14049
14050
14051
14053
14054
14056
14057
14059
14061
14062
14063
14064
14065
14066
14067
14068
14070
14074
14075
14076
14706
14707
14717
14718
14719
14722
14728
14732
14733
14734
14736
14737
14739
14740
14741
14805
14806
14807
14808
14809
14810
14813
14816
14819
14820
14822
14823
14824
14826
14827
14829
14832
14834
14835
14839
14841
14842
14843
14846
14850
14853
14854
14856
14858
14861
14866
14870
14873
14876
14878
14883
14886
14889
14891
14894
14895
14896
14898
14902
14904
14908
14909
14910
14911
14912
14916
15012
15014
15015
15031
15074
15670
15671
15672
15677
15679
15680
15684
15689
15692
15693
15695
15696
15697
15698
15701
15705
15706
15707
15711
15718
15721
15722
15723
15724
15727
15728
15732
15734
15739
15742
15746
15747
15755
15758
15760
15761
15770
15782
15783
15785
15786
15787
15788
15790
15791
15793
15797
15798
15801
15802
15803
15804
15805
15807
15808
15809
15810
15811
15812
15813
15816
15817
15819
15820
15821
15822
15824
15825
15826
15827
15828
15833
15837
15840
15842
15844
15847
15851
15853
15855
15858
15860
15862
15864
15865
15866
15867
15868
15870
15871
15872
15874
15876
15878
15879
15881
15882
15884
15886
15887
15888
15889
15891
15893
15904
15908
15909
15910
15911
15913
15914
15917
15918
15919
15920
15931
15936
15937
15938
15939
15942
15949
15961
15966
15969
15980
15986
15991
15992
15993
16024
16031
16032
16036
16038
16042
16045
16046
16048
16049
16050
16051
16052
16055
16056
16062
16064
16070
16071
16072
16073
16075
16077
16078
16079
16080
16081
16082
16095
16098
16101
16116
16119
16121
16122
16125
16126
16137
16139
16180
16188
16189
16191
16192
16197
16198
16199
16202
16203
16226
16233
16236
16239
16241
16242
16243
16246
16254
16255
16256
16259
16260
16264
16266
16267
16269
16310
16311
16320
16321
16322
16331
16332
16337
16338
16339
16340
16344
16358
16441
16445
16446
16447
16458
16476
16477
16479
16480
16482
16485
16486
16488
16525
16539
16540
16553
16554
16556
16557
16558
16559
16560
16561
16567
16568
16569
16570
16571
16572
16573
16574
16575
16576
16577
16578
16579
16584
16598
16601
16925
16926
16973
16998
16999
17004
17015
17038
17055
17085
17121
17126
17143
17144
17145
17148
17156
17157
17158
17183
17185
17186
17187
17196
17198
18002
18003
18008
18009
18011
18012
18016
18022
18023
18026
18027
18032
18076
18094
18095
18101
18105
18106
18107
18108
18117
18119
18125
18126
18146
18149
18153
18158
18160
18171
18192
18193
18200
18205
18206
18216
18230
18242
18243
18272
18277
18279
18283
18293
18298
18315
18323
18342
18343
18344
18345
18350
18352
18364
18377
18393
18394
18395
18400
18401
18406
18872
18874
18879
18885
18894
18910
18916
18917
18931
18958
18963
18964
18969
18979
19043
19046
19048
19049
19050
19054
19056
19058
19060
19061
19062
19064
19065
19068
19074
19075
19076
19079
19081
19082
19083
19085
19086
19087
19088
19089
19100
19101
19216
19217
19218
19221
19222
19226
19227
19228
19229
19230
19233
19236
19240
19242
19243
19244
19249
19254
19255
19262
19264
19265
19276
19284
19285
19287
19290
19303
19310
19318
19319
19322
19323
19341
19343
19344
19346
19348
19358
19367
19369
19370
19371
19372
19373
19376
19377
19388
19391
19395
19402
19408
19413
19417
19427
19430
19432
19433
19439
19441
19442
19448
19451
19464
19470
19471
19478
19481
19482
19483
19484
19509
19510
19511
19516
19518
19521
19530
19532
19538
19542
19544
19547
19550
19551
19556
19557
19563
19605
19626
19627
19637
19640
19673
19674
19676
19677
19694
19695
19722
19724
19725
19730
19731
19732
19740
19742
19747
19752
19800
19805
19827
19835
19836
19852
19853
19858
19859
19860
19878
19882
19883
19885
19886
19896
19915
19918
19919
19932
19933
19934
19935
19941
19953
19985
20027
21501
21502
21503
21508
21509
21510
21511
21512
21513
21514
21515
21516
21517
21520
21521
21522
21523
21524
21526
21527
21528
21530
21532
21533
21534
21535
21536
21537
21539
21540
21541
21542
21543
21544
21545
21546
21547
21548
21549
21551
21553
21554
21555
21557
21558
21559
21562
21563
21564
21568
21569
21570
21571
21572
21575
21586
21587
21588
21589
21590
21591
21592
21599
21610
21612
21615
21623
21631
21633
21637
21642
21644
21649
21650
21658
21660
21666
21670
21675
21678
21679
21680
21681
21682
21683
21685
21686
21688
21691
21692
21693
21695
21696
21697
21702
21703
21707
21722
21723
21740
21747
21750
21754
21756
21757
21758
21759
21761
21762
21763
21764
21766
21767
21768
21769
21771
21772
21773
21775
21776
21778
21781
21782
21784
21785
21793
21794
21795
21796
21797
21798
21799
21800
21801
21812
21813
21814
21816
21819
21822
21828
21830
21831
21836
21837
21842
21846
21847
21849
21852
21853
21854
21855
21859
21860
21861
21869
21870
21871
21872
21873
21877
21879
21881
21882
21884
21885
21889
21891
21892
21893
21894
21895
21897
21902
21903
21904
21905
21910
21912
21913
21914
21915
21918
21919
21920
21930
21933
21934
21935
21937
21938
21940
21941
21942
21943
21952
21953
21954
21955
21956
21957
21960
21965
21966
21972
21978
21979
21983
21984
21985
21986
21987
21988
21993
21997
21998
21999
22004
22007
22008
22009
22010
22011
22013
22018
22027
22028
22029
22037
22038
22400
22402
22405
22406
22407
22408
22409
22410
22414
22417
22601
22602
22604
22605
22607
22612
22613
22614
22615
22616
22617
22618
22898
22900
22904
23014
23019
23021
23035
23041
23051
23052
23057
30001
30003
30007
30010
30011
30029
30030
30031
30032
30033
30035
30036
30037
30041
30042
30046
30047
30048
30049
30050
30070
30071
30072
30073
30091
30097
30098
30099
30100
30101
30103
30104
30111
30148
30149
30150
30154
30155
30157
30162
30163
30166
30167
30168
30174
30177
30178
30182
30183
30185
30187
30193
30194
30195
30198
30199
30200
30201
30203
30204
30206
30207
30208
30209
30210
30212
30213
30214
30216
30217
30218
30219
30220
30221
30222
30223
30224
30225
30237
30238
30239
30240
30241
30242
30252
30258
30259
30260
30261
30262
30263
30264
30277
30278
30279
30282
30299
30300
30301
30302
30307
30308
30309
30311
30316
30317
30318
30321
30322
30323
30324
30325
30326
30327
30328
30329
30330
30334
30335
30336
30382
30388
30389
30393
30421
30422
30423
30431
30432
30433
30449
30472
30473
30488
30490
30497
30500
30501
30502
30505
30509
30510
30511
30512
30513
30514
30516
30517
30518
30520
30521
30522
30534
30538
30539
30540
30573
30574
30576
30578
30579
30581
30593
30595
30638
30641
30643
30644
30656
30683
30705
30718
30719
30728
30730
30801
30814
30815
30816
30817
30818
30819
30821
30822
30823
30824
30825
30826
30827
30828
30832
30833
30834
30835
30836
30837
30838
30844
30845
30850
30851
30853
30854
30855
30856
30857
30858
30859
30862
30865
30866
30878
30879
30885
30886
30887
30888
30889
30890
30900
30901
30902
30903
30910
30913
30916
30917
30947
30948
30949
30950
30951
30953
30968
30970
30997
31000
31001
31016
31017
31018
31022
31023
31032
31047
31048
31052
31053
31054
31056
31058
31060
31061
31062
31063
31064
31065
31069
31076
31077
31081
31086
31087
31098
31100
31102
31103
31104
31109
31110
31111
31113
31115
31116
31117
31118
31119
31120
31122
31123
31124
31125
31128
31129
31133
31134
31145
31146
31161
31167
31175
31214
31223
31247
31268
31274
31275
31279
31281
31283
31284
31290
31291
31293
31295
31296
31297
31324
31325
31328
31333
31334
31338
31339
31340
31344
31345
31346
31365
31393
31394
31396
31397
31398
31401
31424
31427
31440
31441
31442
31444
31448
31449
31453
31460
31468
31497
31503
31507
31508
31529
31532
31536
31547
31549
31550
31571
31572
31573
31577
31579
31581
31583
31584
31585
31587
31589
31591
31619
31620
31622
31623
31627
31629
31630
31635
31638
31639
31640
31641
31642
31643
31644
31645
31647
31648
31649
31651
31652
31658
31659
31662
31663
31664
31665
31666
31667
31668
31669
31670
31848
31860
31914
31915
31929
31930
31936
31937
31938
31943
31947
31952
31953
31954
31959
31960
31987
31989
31990
31998
31999
32000
32006
32007
32008
32012
32020
32023
32024
32025
32026
32042
32048
32049
32053
32055
32057
32058
32060
32066
32071
32072
32074
32075
32077
32078
32079
32088
32091
32092
32094
32095
32098
32099
32100
32119
32147
32148
32185
32197
32200
32201
32202
32203
32204
32205
32206
32208
32210
32211
32212
32214
32218
32223
32224
32225
32226
32227
32228
32229
32230
32231
32232
32233
32237
32244
32252
32258
32259
32261
32263
32264
32268
32269
32270
32272
32273
32275
32277
32286
32287
32288
32289
32290
32298
32304
32305
32308
32310
32324
32328
32330
32331
32332
32342
32348
32349
32350
32353
32354
32355
32361
32364
32366
32367
32368
32369
32370
32374
32375
32376
32383
32385
32386
32387
32388
32392
32400
32401
32402
32410
32411
32412
32414
32415
32416
32417
32418
32423
32425
32429
32430
32431
32434
32435
32436
32438
32439
32446
32447
32455
32456
32458
32459
32460
32461
32463
32464
32465
32466
32467
32468
32469
32470
32471
32472
32474
32479
32480
32481
32482
32483
32485
32486
32487
32488
32489
32490
32494
32495
32496
32497
32498
32499
32502
32506
32507
32508
32509
32510
32513
32514
32515
32516
32525
32526
32527
32528
32532
32534
32535
32543
32570
32571
32581
32594
32596
32597
32600
32602
32606
32607
32608
32609
32611
32613
32615
32616
32618
32620
32621
32623
32632
32633
32634
32635
32637
32640
32642
32648
32649
32651
32652
32667
32674
32675
32680
32682
32685
32687
32688
32689
32691
32692
32693
32695
32696
32700
32701
32703
32707
32712
32713
32714
32715
32717
32720
32722
32723
32725
32727
32728
32729
32730
32731
32732
32733
32735
32736
32738
32740
32741
32743
32747
32753
32754
32755
32757
32759
32760
32762
32764
32765
32769
32770
32773
32774
32775
32780
32781
32782
32784
32785
32786
32787
32788
32789
32790
32792
32793
32796
32800
32801
32802
32803
32804
32805
32808
32811
32812
32814
32815
32816
32817
32819
32823
32825
32826
32827
32831
32834
32835
32836
32848
32849
32868
32869
32870
32872
32873
32874
32875
32876
32877
32878
32880
32886
32889
32897
32900
32901
32902
32909
32911
32912
32913
32914
32915
32916
32918
32919
32920
32922
32924
32925
32926
32927
32928
32929
32930
32933
32940
32943
32945
32946
32956
32957
32958
32959
32960
32962
32963
32964
32966
32967
32968
32970
32971
32972
32976
32978
32980
32981
32990
33003
33004
33005
33007
33025
33026
33028
33030
33031
33032
33033
33034
33037
33043
33044
33058
33059
33076
33077
33080
33081
33082
33085
33087
33088
33089
33091
33092
33108
33119
33120
33127
33128
33129
33132
33133
33135
33136
33137
33138
33141
33143
33144
33146
33147
33148
33151
33152
33153
33157
33158
33159
33160
33168
33169
33173
33182
33184
33189
33194
33197
33198
33206
33209
33210
33211
33214
33227
33233
33234
33235
33260
33262
33273
33274
33275
33277
33278
33280
33292
33299
33301
33306
33313
33314
33320
33326
33327
33342
33343
33344
33345
33353
33363
33364
33365
33368
33371
33373
33382
33384
33386
33387
33388
33477
33484
33488
33489
33490
33500
33504
33505
33512
33514
33522
33523
33539
33540
33552
33554
33555
33561
33563
33564
33566
33567
33572
33574
33577
33578
33580
33590
33591
33594
33595
33598
33599
33600
33601
33602
33603
33604
33605
33609
33615
33617
33619
33622
33623
33624
33625
33626
33627
33628
33629
33630
33631
33632
33633
33634
33668
33673
33674
33683
33685
33686
33687
33688
33689
33690
33692
33693
33700
33762
33861
33864
33962
33993
34014
34021
34047
34048
34058
34059
34063
34067
34080
34088
34097
34101
34103
34104
34105
34109
34111
34112
34113
34115
34116
34120
34121
34122
34123
34124
34127
34128
34130
34134
34136
34137
34138
34140
34141
34142
34144
34145
34146
34148
34150
34154
34157
34158
34162
34164
34165
34166
34184
34197
34198
34199
34201
34203
34205
34213
34214
34219
34220
34224
34227
34230
34231
34241
34242
34243
34244
34247
34255
34260
34263
34276
34284
34314
34315
34316
34329
34332
34333
34334
34340
34341
34342
34344
34346
34349
34351
34354
34356
34369
34370
34371
34372
34373
34374
34375
34377
34378
34379
34380
34381
34382
34383
34384
34389
34391
34392
34393
34394
34395
34398
34402
34405
34414
34418
34421
34427
34435
34436
34440
34441
34445
34446
34447
34453
34454
34462
34463
34465
34473
34475
34476
34477
34497
34498
34499
34501
34502
34504
34505
34508
34516
34551
34553
34587
34589
34599
34605
34612
34613
34614
34616
34620
34625
34626
34628
34629
34633
34635
34638
34644
34645
34650
34651
34653
34656
34670
34695
34696
34698
34699
34720
34721
34727
34728
34729
34755
34763
34765
34766
34767
34769
34770
34773
34776
34959
34968
34969
34970
34971
34972
34975
34976
34982
34983
35019
35020
35021
35022
35023
35024
35025
35026
35036
35037
35038
35039
35042
35048
35050
35051
35054
35058
35063
35065
35066
35067
35082
35087
35088
35089
35092
35093
35094
35095
35105
35106
35108
35112
35115
35116
35128
35136
35137
35148
35150
35162
35166
35176
35194
35195
35196
35212
35229
35234
35235
35238
35239
35246
35249
35261
35262
35264
35265
35268
35269
35272
35278
35279
35280
35281
35282
35284
35295
35303
35304
35305
35306
35307
35308
35313
35315
35329
35330
35331
35332
35335
35336
35338
35349
35350
35356
35357
35358
35359
35360
35372
35377
35378
35385
35397
35404
35407
35408
35409
35411
35412
35413
35414
35418
35419
35425
35426
35428
35434
35435
35437
35441
35445
35455
35456
35457
35458
35459
35461
35469
35470
35481
35482
35483
35491
35493
35494
35498
35499
35502
35505
35507
35508
35509
35511
35518
35519
35520
35522
35523
35524
35526
35542
35543
35544
35545
35548
35552
35553
35556
35562
35563
35564
35565
35566
35567
35572
35573
35574
35581
35582
35583
35584
35585
35589
35590
35600
35602
35603
35604
35606
35607
35608
35609
35610
35611
35616
35617
35621
35622
35623
35624
35625
35627
35630
35633
35634
35640
35641
35644
35645
35646
35655
35659
35665
35666
35669
35672
35674
35684
35690
35691
35694
35695
35696
35701
35705
35709
35710
35711
35712
35713
35714
35720
35721
35722
35723
35725
35726
35729
35732
35733
35735
35740
35743
35744
35745
35747
35750
35751
35752
35754
35759
35767
35768
35769
35771
35773
35774
35782
35783
35786
35787
35789
35790
35791
35793
35794
35795
35799
35802
35803
35810
35811
35813
35814
35815
35822
35844
35845
35846
35847
35849
35852
35853
35854
35855
35860
35863
35864
35865
35871
35872
35873
35874
35878
35879
35880
35881
35883
35886
35897
35898
35900
35902
35904
35907
35909
35910
35912
35914
35921
35922
35924
35926
35927
35928
35932
35945
35946
35947
35948
35962
35963
35964
35965
35967
35970
35971
35973
35978
35984
35986
35987
35988
35989
35990
35993
35994
35995
35998
35999
36003
36006
36010
36016
36018
36023
36031
36035
36037
36046
36047
36048
36049
36060
36065
36066
36071
36088
36089
36090
36091
36092
36101
36109
36111
36112
36114
36116
36119
36120
36123
36124
36138
36145
36146
36148
36149
36150
36151
36152
36153
36155
36158
36159
36164
36179
36211
36228
36233
36245
36250
36257
36258
36261
36265
36269
36270
36273
36276
36289
36292
36294
36297
36302
36303
36304
36306
36309
36315
36323
36324
36335
36336
36337
36342
36343
36344
36351
36352
36353
36363
36371
36372
36376
36378
36394
36399
36404
36413
36414
36438
36444
36462
36465
36471
36475
36481
36486
36492
36493
36494
36496
36498
36499
36500
36503
36508
36509
36510
36514
36515
36517
36518
38001
38002
38003
38007
38009
38016
38018
38026
38027
38028
38030
38031
38032
38033
38042
38043
38060
38061
38063
38065
38066
38083
38084
38089
38091
38092
38093
38094
38095
38096
38097
38098
38101
38108
38109
38110
38111
38112
38113
38114
38115
38116
38123
38124
38127
38128
38133
38145
38154
38155
38156
38158
38161
38162
38163
38165
38166
38168
38170
38171
38172
38178
38179
38180
38183
38184
38185
38188
38190
38192
38193
38194
38195
38203
39003
39008
39020
39023
39507
39520
39521
39528
39529
39530
39532
39534
39535
39536
39650
39689
39692
39694
39702
40001
40007
40008
40009
40011
40012
40013
40014
40015
40016
40017
40018
40019
40020
40023
40029
40030
40031
40032
40036
40037
40038
40040
42023
42026
42033
42035
42036
42044
42045
42048
42053
42058
42059
42060
42063
42073
42074
42088
42089
42092
42093
42094
42095
42098
42100
42102
42104
42107
42108
42109
42110
42113
42116
42117
42118
42119
42126
42127
42128
42129
42130
42133
42135
42136
42137
42138
42144
42147
42148
42149
42157
42158
42159
42167
42168
42176
42177
42178
42180
42182
42197
42214
42219
42220
42226
42228
42231
42245
42246
42249
42253
42254
42255
42256
42262
42264
42265
42267
42269
42270
42271
42273
42274
42275
42276
42278
42297
42304
42306
42307
42308
42309
42310
42311
42312
42313
42320
42321
42322
42323
42325
42326
42327
42335
42339
42340
42345
42346
42347
42351
42355
42357
42359
42360
42361
42369
42371
42373
42376
42377
42384
42391
42403
42404
42407
42412
42413
42414
42415
42416
42417
42418
42420
42421
42423
42424
42426
42427
42428
42431
42438
42443
42445
42446
42447
42448
42450
42461
42462
42466
42471
42472
42473
42474
42475
42476
42481
42482
42487
42488
42489
42490
42491
42492
42493
42494
42495
42496
42501
42503
42506
42508
42510
42511
42512
42516
42517
42518
42520
42521
42523
42524
42526
42527
42531
42534
42535
42536
42538
42541
42542
42551
42552
42554
42558
42559
42572
42573
42574
42590
42592
42593
42594
42595
42596
42628
42631
42632
42633
42634
42635
42636
42637
42640
42659
42660
42662
42663
42664
42666
42667
42668
42692
42693
42694
42698
42699
42700
42701
42703
42704
42711
42713
42723
42730
42732
42733
42737
42738
42742
42743
42744
42745
42747
42748
42752
42753
42754
42755
42756
42758
42759
42760
42761
42766
42769
42770
42771
42772
42774
42775
42776
42780
42787
42789
42791
42795
42796
42797
42816
42823
42832
42840
42843
42851
42853
42866
42883
42904
42908
42921
42930
42941
42942
42946
42953
42976
42977
42981
42982
42984
42985
42986
42987
42989
42990
42991
42992
42993
42994
42997
42998
43000
43001
43004
43006
43009
43010
43011
43012
43017
43029
43030
43031
43032
43039
43043
43044
43045
43046
43048
43049
43060
43062
43063
43065
43066
43067
43068
43069
43084
43085
43086
43087
43091
43097
43101
43103
43105
43112
43113
43114
43116
43117
43122
43123
43124
43128
43129
43132
43134
43137
43149
43152
43153
43154
43161
43162
43163
43171
43179
43181
43200
43201
43206
43217
43241
43242
43243
43244
43247
43248
43249
43252
43254
43266
43267
43268
43269
43270
43271
43276
43277
43278
43279
43280
43281
43297
43299
43303
43304
43305
43306
43308
43310
43311
43312
43313
43314
43315
43316
43318
43320
43323
43328
43330
43331
43335
43353
43366
43367
43368
43369
43370
43371
43372
43374
43375
43378
43379
43380
43381
43382
43383
43388
43390
43392
43393
43397
43400
43401
43402
43403
43405
43406
43407
43408
43409
43410
43413
43415
43418
43420
43433
43434
43438
43456
43457
43461
43462
43467
43473
43482
43484
43486
43487
43488
43490
43491
43496
43497
43503
43504
43506
43507
43508
43516
43517
43518
43519
43523
43524
43525
43534
43535
43536
43537
43538
43542
43545
43547
43549
43550
43551
43552
43553
43555
43567
43568
43569
43570
43576
43583
43584
43585
43586
43587
43588
43589
43602
43603
43610
43615
43616
43618
43619
43620
43622
43623
43624
43627
43631
43647
43648
43649
43651
43652
43653
43654
43666
43686
43687
43691
43697
43922
43923
43928
43931
43932
43947
43949
43950
43951
43954
43966
43967
43968
43969
43970
43973
43981
43982
43983
43984
43985
43987
43988
43990
44026
44027
44029
44030
44053
44062
44065
44070
44088
44089
44090
44091
44111
44117
44128
44130
44140
44154
44205
44206
44208
44209
44210
44211
44236
44237
44240
44241
44242
44245
44252
44254
44255
44257
44258
44259
44262
44265
44267
44268
44275
44281
44313
44314
44319
44320
44321
44324
44328
44329
44330
44331
44332
44334
44335
44336
44337
44338
44339
44340
44341
44342
44344
44345
44346
44351
44356
44375
44380
44387
44406
44458
44524
44539
44546
44550
44557
44565
44571
44597
44598
44648
44691
44702
44708
44721
44726
44727
44752
44770
44772
44773
44774
44778
44782
44783
44791
44793
44794
44795
44804
44805
44806
44818
44819
44828
44829
44830
44839
44845
44849
44854
44860
44861
44868
44869
44871
45004
45006
45007
45008
45010
45014
45016
45019
45022
45023
45026
45039
45040
45041
45046
45047
45048
45053
45054
45055
45056
45058
45059
45060
45061
45062
45063
45064
45065
45066
45069
45070
45071
45075
45076
45077
45078
45079
45080
45081
45082
45083
45084
45085
45086
45087
45088
45089
45091
45103
45104
45105
45109
45110
45112
45113
45116
45123
45124
45128
45132
45136
45137
45141
45143
45161
45162
45163
45165
45175
45176
45184
45186
45187
45188
45189
45190
45191
45197
45198
45199
45200
45204
45209
45210
45212
45213
45214
45216
45217
45218
45221
45225
45226
45234
45292
45299
45321
45324
45329
45332
45333
45337
45338
45342
45343
45345
45347
45348
45351
45355
45356
45358
45359
45368
45381
45401
45403
45404
45407
45408
45409
45410
45414
45415
45416
45423
45425
45428
45429
45444
45445
45446
45453
45454
45471
45472
45475
45494
45540
45541
45542
45556
45575
45576
45577
45578
45579
45580
45581
45582
45585
45586
45588
45589
45590
45591
45595
45596
45597
45598
45599
45600
45601
45602
45603
45604
45605
45606
45607
45608
45609
45616
45617
45618
45619
45620
45621
45622
45623
45624
45625
45626
45627
45629
45630
45634
45636
45637
45638
45639
45645
45646
45647
45648
45650
45651
45652
45653
45654
45655
45656
45657
45659
45661
45662
45663
45664
45665
45666
45667
45668
45669
45670
45671
45672
45682
45684
45685
45686
45687
45713
45714
45715
45716
45717
45719
45720
45721
45722
45723
45724
45725
45726
45727
45728
45730
45732
45736
45737
45738
45739
45740
45741
45742
45743
45744
45745
45746
45747
45751
45759
45760
45761
45762
45765
45766
45769
45773
45776
45777
45778
45779
45780
45785
45786
45787
45792
45793
45794
45796
45799
45806
45807
45814
45815
45818
45819
45820
45821
45822
45823
45824
45830
45833
45834
45835
45836
45837
45838
45839
45840
45842
45843
45844
45851
45859
45860
45861
45862
45869
45870
45872
45875
45876
45879
45880
45887
45892
45893
45898
45899
45900
45901
45903
45905
45906
45907
45908
45909
45910
45916
45917
45918
45919
45920
45921
45922
45923
45924
45925
45926
45927
45930
45931
45932
45939
45943
45944
45945
45947
45948
45950
45953
45954
45955
45956
45957
45959
45963
45964
45976
45977
45980
45986
45987
45988
45989
45990
45992
45993
45994
45995
46005
46006
46007
46010
46013
46015
46016
46022
46031
46032
46033
46034
46037
46038
46039
46040
46041
46051
46054
46057
46058
46060
46061
46067
46068
46069
46070
46078
46079
46081
46084
46085
46086
46092
46098
46100
46101
46103
46104
46105
46108
46111
46121
46122
46130
46134
46135
46146
46164
46166
46167
46168
46177
46185
46203
46204
46208
46209
46210
46219
46226
46272
46292
46293
46294
46295
46296
46314
46318
46320
46321
46322
46323
46324
46325
46326
46327
46328
46329
46330
46331
46337
46338
46339
46340
46341
46356
46359
46360
46368
46370
46373
46380
46386
46390
46395
46398
46415
46416
46425
46426
46427
46434
46449
46452
46456
46459
46464
46466
46469
46470
46473
46474
46475
46477
46479
46483
46485
46486
46487
46488
46490
46491
46496
46498
46499
46500
46501
46502
46511
46512
46513
46514
46520
46521
46533
46534
46541
46543
46544
46545
46548
46549
46578
46579
46580
46587
46588
46596
46597
46598
46599
46600
46601
46602
46604
46605
46618
46619
46620
46621
46622
46626
46627
46628
46629
46631
46632
46633
46636
46638
46639
46641
46642
46645
46651
46653
46654
46655
46657
46661
46666
46668
46671
46676
46677
46680
46683
46684
46685
46686
46688
46689
46690
46697
46709
46710
46711
46712
46713
46716
46717
46718
46724
46725
46726
46732
46745
46755
46777
46778
46782
46784
46785
46813
46814
46822
46824
46825
46826
46827
46831
46832
46833
46834
46835
46836
46838
46839
46847
46849
46850
46851
46854
46855
46856
46874
46877
46878
46879
46880
46881
46882
46883
46884
46885
46886
46887
46888
46889
46890
46898
46900
46901
46902
46903
46907
46909
46928
46929
46931
46939
46940
46942
46947
46949
46950
46951
46952
46958
46959
46960
46963
46967
46968
46985
46986
47484
47496
47497
48002
48006
48007
48008
48009
48010
48011
48012
48013
48014
48015
48016
48017
48022
48023
48024
48025
48026
48034
48041
48048
48050
48058
48066
48069
48070
48073
48075
48087
48096
48102
48103
48105
48133
48143
48144
48145
48146
48147
48148
48149
48160
48167
48168
48169
48170
48172
48178
48193
48194
48199
48203
48205
48208
48209
48210
48211
48213
48227
48232
48239
48240
48241
48243
48245
48246
48247
48250
48251
48254
48255
48259
48260
48261
48263
48264
48265
48266
48268
48278
48280
48284
48286
48290
48291
48294
48295
48297
48298
48302
48304
48305
48311
48312
48318
48319
48320
48327
48332
48333
48339
48340
48341
48343
48352
48368
48370
48371
48378
48382
48384
48385
48386
48387
48388
48389
48392
48468
48469
48477
48478
48483
48484
48485
48486
48488
48489
48490
48496
48499
48505
48511
48512
48513
48514
48515
48520
48524
48525
48532
48535
48536
48538
48539
48541
48545
48546
48549
48550
48557
48560
48561
48562
48563
48565
48566
48568
48569
48570
48588
48589
48592
48593
48596
48597
48598
48599
48608
48609
48611
48613
48617
48619
48621
48625
48627
48630
48631
48632
48633
48635
48638
48639
48640
48641
48642
48643
48644
48645
48646
48659
48660
48661
48662
48663
48664
48665
48666
48667
48668
48669
48671
48672
48675
48677
48678
48679
48680
48681
48685
48691
48692
48697
48698
48699
48701
48702
48703
48704
48705
48706
48708
48709
48710
48711
48712
48713
48714
48715
48729
48730
48731
48732
48733
48738
48739
48741
48742
48743
48745
48747
48749
48752
48753
48754
48755
48757
48762
48769
48771
48789
48790
48791
48792
48793
48806
48807
48808
48812
48813
48814
48820
48821
48822
48839
48840
48841
48842
48843
48844
48845
48846
48850
48852
48853
48854
48855
48856
48857
48858
48859
48861
48863
48864
48866
48870
48871
48872
48873
48875
48878
48880
48894
48935
48936
50427
50428
50432
50434
50435
50482
50650
50651
50652
50653
50655
50658
50663
50665
50666
50667
50668
50671
50672
50673
50674
50677
50678
50679
50680
50684
50687
50688
50689
50690
50691
50701
50702
50703
50706
50707
50708
50709
50710
50711
50712
50713
50714
50715
50716
50717
50718
50720
50725
50726
50727
50728
50729
50730
50731
50732
50746
50747
50748
50754
50755
50758
50760
50764
50765
50766
50767
50768
50769
50770
50771
50772
50773
50774
50775
50776
50777
50778
50779
50783
50787
50790
50792
50793
50794
50795
50796
50798
50801
50803
50804
50805
50806
50807
50808
50810
50812
50817
50819
50820
50821
50823
50828
50829
50830
50832
50847
50848
50849
50850
50851
50852
50853
50855
50856
50857
50859
50860
50861
50862
50863
50865
50867
50868
50869
50870
50871
50872
50873
50877
50878
50880
50881
50882
50883
50884
50885
50890
50891
50892
50893
50894
50896
50900
50901
50902
50904
50905
50906
50907
50908
50909
50910
50911
50912
50913
50915
50916
50917
50918
50919
50920
50921
50922
50923
50925
50927
50928
50929
50930
50942
50951
50953
50954
50955
50957
50965
50966
50968
50974
50975
50976
50982
50983
50992
50994
50995
50996
50999
51000
51001
51005
51006
51012
51013
51014
51016
51017
51023
51024
51025
51026
51028
51029
51036
51039
51041
51042
51044
51045
51046
51047
51048
51050
51051
51053
51054
51055
51056
51057
51058
51066
51068
51081
51083
51084
51085
51086
51088
51089
51090
51091
51092
51096
51097
51098
51099
51100
51101
51102
51103
51106
51121
51122
51123
51124
51125
51126
51127
51128
51131
51134
51135
51136
51138
51142
51145
51146
51147
51148
51149
51150
51151
51152
51153
51154
51155
51156
51160
51164
51168
51169
51170
51174
51177
51180
51181
51186
51204
51205
51208
51209
51216
51220
51222
51223
51224
51225
51228
51232
51238
51246
51247
51249
51250
51252
51255
51256
51257
51258
51259
51260
51261
51262
51270
51271
51272
51276
51279
51280
51281
51282
51284
51289
51290
51291
51292
51293
51294
51295
51296
51297
51298
51299
51301
51302
51303
51304
51306
51307
51308
51310
51315
51321
51341
51343
51344
51345
51346
51347
51349
51350
51351
51353
51354
51355
51365
51382
51383
51384
51385
51386
51387
51388
51389
51391
51394
51402
51403
51409
51410
51412
51414
51415
51417
51436
51437
51438
51439
51443
51444
51445
51446
51447
51450
51451
51452
51453
51454
51457
51458
51459
51460
51461
51463
51464
51466
51480
51481
51482
51489
51490
51491
51492
51493
51494
51495
51496
51497
51503
51531
51533
51534
51541
51542
51545
51546
51549
51552
51560
51561
51562
51563
51567
51568
51569
51570
51571
51572
51573
51574
51580
51582
51583
51584
51585
51586
51589
51591
51592
51593
51594
51595
51597
51598
51599
51601
51602
51603
51604
51606
51607
51608
51610
51612
51615
51622
51638
51639
51640
51641
51642
51643
51645
51646
51647
51648
51649
51650
51651
51653
51654
51656
51659
51660
51661
51665
51668
51673
51683
51684
51685
51693
51694
51695
51697
51702
51707
51709
51712
51716
51725
51726
51729
51754
51758
51764
51770
51771
51775
51780
51781
51782
51788
51790
51791
51792
51793
51795
51796
51797
51798
51799
51823
51835
51865
51866
51867
51873
51877
51878
51881
51882
51885
51891
51893
51894
51895
51896
51897
51898
51899
51900
51901
51902
51904
51917
51918
51919
51923
51924
51926
51928
51930
51932
51935
51938
51939
51946
51957
51958
51963
51964
51965
51966
51967
51968
51969
51970
51971
51972
51973
51974
51977
51983
51984
51987
51988
52066
52106
52314
52405
52547
52548
52565
52567
52652
52695
52696
52697
52746
55001
55002
55003
55005
55007
55008
55009
55010
55012
55013
55014
55015
55017
55020
55024
55026
55059
55062
55064
55065
55069
55070
55072
55073
55074
55075
55078
55081
55082
55085
55086
55088
55089
55090
55091
55092
55093
55094
55096
55098
55099
55107
55108
55113
55114
55117
55118
55119
55123
55129
55130
60003
60004
60005
60007
60008
60009
60010
60011
60012
60013
60014
60016
60017
60018
60019
60020
60021
60022
60023
60024
60025
60026
60027
60028
60029
60032
60033
60035
60037
60038
60039
60040
60041
60042
60043
60044
60045
60046
60047
60048
60049
60050
60052
60054
60055
60056
60058
60059
60060
60061
60064
60065
60066
60067
60068
60070
60071
60073
60074
60075
60078
60079
60080
60081
60083
60084
60086
60087
60088
60100
60101
60112
60113
60117
60119
60122
60123
60124
60125
60126
60127
60128
60129
60133
60134
60135
60136
60137
60138
60139
60143
60152
60154
60155
60156
60157
60158
60159
60160
60161
60163
60164
60165
60166
60168
60169
60173
60174
60177
60178
60179
60180
60183
60192
60193
60197
60212
60213
60214
60215
60216
60217
60218
60219
60221
60231
60235
60236
60242
60243
60244
60248
60251
60252
60253
60259
60261
60262
60263
60265
60266
60267
60268
60271
60272
60279
60282
60283
60285
60287
60290
60291
60292
60294
60296
60297
60298
60299
60300
60301
60302
60304
60305
60306
60307
60309
60311
60312
60313
60314
60315
60316
60317
60318
60319
60322
60323
60324
60325
60326
60327
60330
60333
60334
60335
60336
60337
60338
60339
60340
60341
60345
60346
60347
60348
60349
60350
60351
60352
60354
60355
60356
60359
60363
60364
60366
60367
60368
60369
60370
60371
60372
60373
60374
60375
60377
60379
60381
60382
60383
60384
60385
60386
60389
60390
60391
60392
60393
60394
60395
60396
60397
60399
60400
60401
60402
60404
60405
60406
60407
60411
60412
60413
60414
60415
60416
60420
60421
60425
60426
60428
60429
60430
60431
60433
60434
60435
60436
60437
60438
60439
60440
60441
60442
60443
60444
60445
60446
60447
60448
60449
60450
60452
60453
60454
60455
60456
60458
60459
60460
60461
60462
60463
60465
60466
60468
60474
60478
60479
60480
60481
60482
60484
60485
60486
60487
60488
60489
60490
60491
60492
60496
60501
60502
60503
60509
60510
60512
60513
60516
60517
60523
60527
60528
60529
60532
60534
60535
60536
60537
60538
60539
60541
60544
60545
60546
60547
60548
60550
60552
60557
60558
60559
60560
60561
60562
60563
60566
60571
60574
60575
60576
60577
60578
60579
60580
60585
60586
60587
60588
60591
60592
60594
60595
60596
60598
60599
60601
60602
60603
60611
60612
60613
60615
60620
60621
60623
60627
60628
60629
60632
60633
60638
60644
60648
60661
60662
60664
60665
60666
60667
60668
60669
60670
60672
60674
60675
60676
60677
60678
60681
60683
60684
60685
60686
60687
60688
60689
60691
60693
60694
60695
60696
60697
60699
60700
60702
60706
60707
60708
60709
60710
60711
60712
60713
60715
60716
60717
60718
60721
60729
60730
60731
60732
60733
60734
60735
60736
60738
60739
60740
60741
60742
60743
60744
60745
60748
60749
60750
60751
60753
60754
60760
60761
60762
60763
60764
60765
60766
60768
60769
60770
60775
60782
60783
60784
60789
60800
60802
60803
60804
60806
60807
60809
60816
60817
60821
60823
60825
60828
60829
60830
60831
60836
60837
60840
60841
60842
60843
60844
60849
60850
60853
60856
60857
60872
60873
60875
60876
60879
60887
60900
60901
60903
60904
60907
60912
60913
60914
60915
60916
60921
60923
60928
60929
60931
60947
60948
60956
60964
60965
60968
60971
60972
60973
60975
60976
60977
60978
60979
60980
60981
60982
60988
60989
60992
60993
60996
60997
60998
60999
61000
61001
61002
61003
61005
61009
61010
61011
61014
61015
61017
61024
61025
61026
61028
61029
61030
61031
61032
61033
61034
61035
61036
61037
61038
61040
61041
61042
61043
61044
61045
61046
61047
61048
61049
61051
61052
61053
61055
61056
61061
61072
61073
61074
61077
61078
61081
61084
61085
61086
61087
61088
61090
61092
61097
61098
61099
61100
61101
61102
61103
61104
61106
61108
61110
61113
61114
61115
61136
61138
61141
61143
61144
61145
61146
61149
61151
61153
61154
61155
61156
61157
61158
61162
61163
61170
61178
61179
61180
61181
61182
61184
61185
61188
61189
61193
61196
61197
61198
61205
61290
61296
61298
61299
61300
61301
61302
61303
61304
61308
61309
61312
61314
61317
61324
61325
61326
61333
61337
61339
61343
61346
61347
61348
61349
61350
61351
61354
61355
61357
61358
61360
61364
61365
61368
61369
61370
61371
61373
61374
61377
61379
61381
61383
61384
61386
61394
61395
61400
61402
61418
61419
61428
61430
61433
61436
61441
61444
61445
61448
61452
61458
61462
61467
61469
61470
61481
61484
61485
61502
61504
61508
61511
61512
61518
61525
61526
61534
61535
61537
61548
61549
61550
61551
61564
61565
61566
61567
61568
61569
61570
61571
61572
61573
61577
61580
61582
61589
61590
61591
61611
61614
61621
61623
61624
61626
61635
61646
61647
61668
61669
61670
61682
61684
61698
61699
61709
61713
61723
61724
61732
61734
61736
61737
61738
61739
61740
61741
61743
65001
65002
65004
65005
70050
70054
70055
70059
70060
70072
70075
70076
70078
70079
70084
70085
70086
70091
70092
70093
70094
70096
70098
70100
70101
70102
70104
70105
70106
70120
70121
70124
70125
70126
70127
70129
70130
70131
70141
70142
70143
70145
70159
70164
70165
70166
70168
70171
70172
70173
70178
70179
70184
70189
70192
70193
70194
70197
70198
70200
70201
70202
70206
70207
70208
70212
70213
70217
70221
70228
70230
70231
70232
70233
70234
70235
70236
70237
70241
70242
70244
70245
70247
70252
70253
70254
70255
70256
70257
70262
70266
70267
70268
70269
70278
70286
70292
70293
70294
70295
70296
70301
70304
70305
70306
70307
70309
70314
70315
70317
70318
70327
70328
70345
70346
70349
70350
70351
70352
70358
70365
70367
70368
70370
70371
70372
70373
70374
70375
70377
70378
70383
70384
70389
70392
70407
70409
70417
70423
70424
70427
70429
70430
70431
70433
70434
70445
70446
70447
70458
70459
70462
70471
70473
70474
70475
70476
70481
70483
70486
70487
70488
70489
70493
70495
70498
70507
70508
70509
70512
70525
70527
70528
70534
70535
70536
70537
70541
70542
70543
70544
70555
70560
70561
70562
70563
70564
70570
70572
70574
70584
70585
70586
70588
70593
70602
70613
70625
70627
70633
70634
70646
70649
70661
70662
70664
70667
70668
70669
70670
70671
70672
70673
70676
70681
70682
70684
70715
70723
70734
70741
70779
70781
70782
70813
70814
70816
70827
70828
70829
70830
70831
70836
70837
70838
70839
70842
70845
70846
70848
70849
70857
70858
70859
70861
70863
70873
70884
70885
70886
70889
70895
70899
70900
70901
70902
70903
70904
70911
70914
70925
70926
70932
70933
70934
70935
70936
70940
70944
70945
70946
70947
70963
70966
70970
70972
70973
70977
70979
70980
70981
70986
70987
70988
70989
70994
70995
70997
71025
71028
71034
71035
71038
71042
71044
71048
71049
71051
71071
71072
71073
71103
71104
71105
71107
71108
71109
71110
71139
71140
71156
71157
71158
71166
71167
71168
71169
71173
71174
71205
71206
71211
71218
71219
71221
71222
71223
71224
71225
71226
71228
71230
71231
71233
71234
71236
71241
71242
71243
71245
71247
71248
71250
71257
71258
71259
71260
71264
71266
71267
71268
71275
71276
71277
71279
71280
71281
71282
71283
71284
71285
71286
71287
71288
71294
71295
71298
71299
71300
71301
71305
71306
71307
71310
71312
71313
71314
71315
71316
71318
71320
71321
71322
71329
71332
71333
71338
71340
71344
71345
71346
71347
71348
71351
71352
71353
71354
71356
71357
71359
71360
71361
71363
71364
71371
71372
71373
71374
71375
71376
71377
71378
71379
71380
71383
71384
71385
71386
71387
71389
71391
71392
71393
71394
71395
71396
71397
71398
71400
71401
71402
71403
71404
71407
71409
71414
71415
71417
71418
71420
71421
71422
71425
71426
71435
71436
71440
71441
71442
71444
71447
71448
71449
71451
71453
71454
71455
71456
71459
71460
71461
71464
71466
71467
71468
71469
71470
71472
71474
71476
71477
71478
71479
71480
71481
71482
71492
71493
71494
71498
71499
71500
71502
71503
71504
71506
71514
71526
71528
71529
71539
71542
71544
71545
71548
71549
71550
71557
71559
71560
71569
71577
71578
71584
71585
71586
71593
71596
71599
71600
71602
71603
71609
71615
71621
71622
71624
71625
71629
71630
71635
71636
71638
71639
71641
71642
71650
71651
71656
71657
71660
71663
71670
71672
71673
71674
71676
71677
71678
71679
71681
71691
71701
71707
71709
71711
71712
71726
71727
71731
71732
71733
71763
71765
71773
71774
71786
71787
71799
71800
71801
71803
71805
71806
71812
71816
71838
71839
71847
71848
71850
71864
71866
71867
71870
71871
71872
71873
71874
71875
71877
71878
71879
71880
71881
71882
71883
71888
71893
71894
71895
71896
71897
71899
71900
71901
71902
71907
71908
71909
71910
71918
71922
71926
71929
71930
71931
71934
71947
71951
71954
71955
71962
71963
71971
71973
71976
71985
72001
72003
72006
72011
72012
72014
72015
72016
72017
72028
72033
72034
72038
72040
72044
72046
72049
72050
72053
72054
72060
72061
72070
72073
72075
72076
72077
72079
72086
72089
72091
72092
72095
72097
72101
72102
72104
72107
72108
72110
72111
72112
72125
72126
72133
72134
72136
72138
72139
72141
72143
72144
72148
72156
72160
72161
72162
72163
72164
72166
72168
72169
72172
72174
72175
72177
72178
72179
72180
72181
72182
72183
72184
72189
72190
72192
72193
72197
72198
72200
72201
72202
72203
72205
72207
72208
72210
72213
72214
72218
72219
72221
72224
72227
72229
72233
72234
72235
72236
72237
72239
72240
72249
72254
72255
72259
72262
72267
72268
72272
72273
72274
72277
72278
72282
72283
72284
72285
72286
72287
72289
72300
72302
72303
72305
72307
72308
72318
72319
72321
72331
72332
72334
72340
72344
72347
72350
72355
72356
72358
72362
72363
72365
72366
72368
72369
72377
72378
72383
72384
72385
72389
72393
72395
72422
72428
72429
72431
72432
72434
72488
72498
72513
72520
72531
72537
72539
72540
72553
72554
72560
72573
72574
72576
72577
72579
72583
72584
72592
72593
72594
72599
72600
72602
72604
72606
72608
72610
72615
72616
72619
72643
72655
72656
72657
72659
72660
72661
72663
72666
72671
72672
72673
72675
72676
72677
72678
72679
72684
72697
72703
72707
72709
72711
72714
72715
72718
72719
72721
72732
72734
72750
72752
72755
72757
75521
75522
75525
75713
75732
75733
80009
80058
80111
80121
80125
80129
80144
80154
80163
80164
80182
80184
85018
85020
85029
85032
86001
86002
86003
86004
86005
86009
86010
86011
86012
86013
86014
86015
86016
86018
86019
86023
86024
86027
86029
86030
86036
86042
86043
86045
86046
86047
86048
86050
86052
86053
86054
86064
86066
86067
86069
86070
86073
86091
86092
86097
86098
86100
86103
89700
89709
89711
89712
90002
90003
90004
90005
90009
90010
90022
90023
90024
90025
90026
90027
90031
90035
90036
90037
90038
90042
90043
90044
90045
90049
90050
90051
90068
90071
90073
90074
90075
90076
90080
90082
90083
90084
90085
90086
90090
90091
90094
90096
90101
90102
90103
90104
90107
90108
90110
90114
90116
90118
90119
90128
90129
90131
90132
90133
90134
90135
90136
90138
90140
90141
90148
90149
90150
90156
90158
90160
90161
90162
90164
90166
90168
90169
90170
90176
90177
90178
90179
90181
90184
90187
90188
90189
90190
90191
90193
90194
90195
90197
90198
90200
90201
90204
90205
90207
90209
90210
90212
90214
90218
90219
90220
90222
90230
90231
90232
90234
90235
90237
90238
90239
90240
90241
90244
90245
90246
90249
90251
90258
90259
90260
90261
90263
90265
90266
90267
90271
90272
90274
90276
90277
90279
90280
90281
90284
90285
90286
90287
90288
90290
90291
90292
90296
90297
90298
90301
90303
90305
90306
90307
90308
90309
90310
90311
90312
90314
90315
90316
90317
90321
90324
90325
90327
90330
90331
90335
90336
90340
90341
90343
90344
90346
90350
90361
90362
90366
90367
90370
90382
90383
90385
90387
90394
90398
90399
90400
90402
90403
90410
90425
90427
90435
90481
90494
90500
90501
90502
90503
90521
90526
90527
90557
90559
90611
90625
90630
90646
90648
90650
90656
90657
90662
90666
90669
90671
90675
93001
97006
97009
97010
97011
97017
97021
97022
97026
97028
97029
97031
97033
97035
97036
97037
97039
97045
97049
97050
97051
97052
97053
97055
97056
97061
97062
97066
97067
97070
97084
97089
97090
97091
97094
97101
97102
97104
97105
97107
97111
97112
97113
97114
97115
97116
97117
97118
97119
97120
97150
97151
97152
97154
97155
97156
97167
97168
97178
97185
97186
97187
97190
97191
97192
97193
97194
97195
97198
97201
97202
97205
97211
97212
97214
97222
97231
97237
97238
97241
97242
97252
97254
97264
97267
97272
97274
97275
97276
97277
97278
97284
97286
97291
97296
97298
97300
97305
97309
97310
97320
97324
97325
97326
97327
97332
97338
97343
97345
97350
97352
97359
97368
97369
97374
97401
97402
97403
97411
97421
97428
97435
97459
97460
97461
97466
97476
97477
97484
97485
97490
97491
97494
97497
97498
97499
97500
97502
97503
97510
97527
97531
97535
97536
97553
97576
97581
97623
97638
97639
97640
97676
97680
97681
97694
97695
98504
98506
98507
98528
98532
98534
98535
98542
98582
98586
98597
98609
98629
98655
98656
98657
98700
98703
98719
98734
98735
98736
98742
98746
98773
98779
98789
98792
98815
98829
98838
98868
98869
98900
98901
98902
98903
98904
98905
98906
98907
98908
98909
98910
98911
98912
98915
99565
99601
100002
100057
1900004
1900005
1900006
1900011
1900015
1900016
1900017
1900020
1900024
1900025
1900026
1900027
1900028
1900029
1900034
1900035
1900037
1900038
1900039
1900041
1900042
1900044
1900045
1900053
1900060
1900062
1900063
1900075
1900076
1900078
1900082
1900085
1900086
1900087
1900095
1900100
1900101
1900102
1900103
1900106
1900107
1900108
1900110
1900111
1900112
1900113
1900114
1900116
1900117
1900118
1900119
1900121
1900122
1900126
1900127
1900131
1900133
1900134
1900135
1900138
1900139
1900142
1900148
1900149
1900153
1900155
1900158
1900159
1900163
1900164
1900165
1900168
1900169
1900170
1900175
1900176
1900180
1900181
1900182
1900186
1900194
1900195
1900210
1900212
1900215
1900218
1900220
1900221
1900222
1900223
1900224
1900225
1900226
1900227
1900229
1900235
1900239
1900242
1900244
1900245
1900246
1900248
1900260
1900264
1900271
1900272
1900273
1900275
1900276
1900281
1900364
1900365
1900369
1900370
1900383
1900387
1900402
1900407
1900424
1900425
1900426
1900451
1900452
1900453
1900454
1900477
1900483
1900535
1900625
1900737
1900738
1900740
1900744
1900745
1900746
1900747
1900748
1900758
1900825
1900826
1900827
1901003
1901006
1901016
1901017
1901018
1901019
1901020
1901021
1901026
1901028
1901029
1901030
1901031
1901074
1901076
1901077
1901082
1901094
1901096
1901097
1901098
1901128
1901142
1901143
1901164
1901165
1901166
1901184
1901185
1901186
1901187
1901189
1901194
1901201
1901203
1901205
1901206
1901207
1901208
1901211
1901214
1901215
1901216
1901222
1901223
1901224
1901231
1901233
1901247
1901248
1901251
1901253
1901254
1901255
1901256
1901258
1901264
1901291
1901296
1901297
1901299
1901300
1901301
1901303
1901307
1901315
1901317
1901318
1901339
1901340
1901341
1901350
1901355
1901373
1901374
1901379
1901380
1901381
1901382
1901383
1901385
1901386
1901387
1901407
1901409
1901423
1901475
1901491
1901492
1901509
1901522
1901525
1901529
1901532
1901533
1901534
1901536
1901557
1901558
1901563
1901581
1901582
1901585
1901620
1901621
1901624
1901626
1901628
1901630
1901631
1901639
1901642
1901652
1901653
1901657
1901660
1901661
1901666
1901668
1901671
1901673
1901674
1901675
1901676
1901684
1901687
1901723
1901724
1901725
1901726
1901727
1901731
1901738
1901739
1901740
1901741
1901751
1901796
1901797
1901798
1901799
1901800
1901810
1901837
1901838
1901841
1901843
1901844
1901846
1901856
1901857
1901858
1901860
1901862
1901863
1901874
1901877
1901879
1901881
1901888
1901890
1901894
1901895
1901896
1901897
1901898
1901899
1901919
1901962
1901964
1901970
1901976
1901978
1901979
1901984
1901985
1901986
1901987
1901989
1901990
1901991
1901992
1901994
1901998
1902003
1902004
1902010
1902017
1902018
1902031
1902033
1902035
1902036
1902037
1902038
1902041
1902042
1902043
1902044
1902045
1902065
1902068
1902073
1902074
1902078
1902081
1902083
1902103
1902108
1902109
1902110
1902115
1902117
1902153
1902159
1902161
1902164
1902165
1902166
1902170
1902172
1902173
1902174
1902175
1902176
1902177
1902178
1902186
1902187
1902188
1902202
1902203
1902204
1902206
1902212
1902213
1902215
1902219
1902225
1902227
1902228
1902230
1902231
1902232
1902233
1902235
1902236
1902237
1902239
1902251
1902253
1902254
1902255
1902256
1902257
1902259
1902260
1902261
1902262
1902263
1902268
1902269
1902283
1902285
1902287
1902303
1902304
1902305
1902306
1902307
1902309
1902310
1902311
1902336
1902358
1902361
1902362
1902367
1902378
1902380
1902389
1902396
1902410
1902412
1902414
1902415
1902416
1902425
1902430
1902443
1902445
1902455
1902459
1902462
1902463
1902466
1902474
1902475
1902476
1902480
1902498
1902499
1902504
1902510
1902511
1902512
1902513
1902514
1902520
1902521
1902523
1902524
1902525
1902527
1902530
1902531
1902532
1902533
1902546
1902548
1902559
1902564
1902567
1902569
1902570
1902598
1902600
1902603
1902605
1902608
1902613
1902616
1902617
1902618
1902622
1902626
1902661
1902667
1902679
1902684
1902685
1902691
1902692
1902714
1902715
1902721
1902722
1902723
1902725
1902728
1902731
1902732
1902742
1902745
1902747
1902748
1902749
1902750
1902751
1902766
1902771
1902774
1902775
1902803
1902806
1902807
1902808
1902809
1902823
1902824
1902847
1902855
1902856
1902857
1902861
1902882
1902884
1902891
1902894
1902895
1902896
1902897
1902902
1902903
1902904
1902905
1902908
1902910
1902916
1902939
1902943
1902946
1902947
1902948
1902949
1902952
1902953
1902954
1902955
1902957
1902958
1902959
1902960
1902961
1902963
1902966
1902975
1902977
1902979
1902983
1902990
1902991
1902992
1902995
1902997
1902998
1903002
1903003
1903006
1903007
1903008
1903010
1903011
1903012
1903016
1903019
1903020
1903025
1903026
1903027
1903033
1903038
1903044
1903045
1903047
1903052
1903053
1903054
1903056
1903061
1903070
1903071
1903073
1903076
1903077
1903078
1903082
1903094
1903118
1903122
1903125
1903126
1903140
1903141
1903142
1903146
1903147
1903168
1903169
1903170
1903178
1903181
1903190
1903197
1903200
1903202
1903204
1903205
1903206
1903208
1903209
1903214
1903215
1903217
1903223
1903225
1903232
1903233
1903237
1903238
1903242
1903243
1903244
1903249
1903251
1903259
1903263
1903265
1903278
1903280
1903281
1903284
1903285
1903288
1903298
1903301
1903305
1903307
1903319
1903347
1903348
1903351
1903352
1903358
1903361
1903363
1903364
1903371
1903373
1903375
1903377
1903378
1903382
1903384
1903385
1903387
1903392
1903393
1903401
1903403
1903408
1903409
1903413
1903416
1903420
1903421
1903423
1903426
1903427
1903428
1903429
1903432
1903434
1903435
1903438
1903441
1903444
1903445
1903452
1903461
1903488
1903489
1903491
1903492
1903506
1903507
1903515
1903526
1903527
1903531
1903533
1903538
1903542
1903543
1903546
1903551
1903553
1903556
1903565
1903568
1903572
1903575
1903577
1903578
1903579
1903586
1903588
1903589
1903595
1903597
1903598
1903599
1903608
1903611
1903615
1903621
1903625
1903629
1903634
1903638
1903640
1903645
1903660
1903670
1903671
1903672
1903673
1903676
1903679
1903689
1903690
1903691
1903697
1903704
1903706
1903712
1903715
1903721
1903723
1903724
1903725
1903743
1903748
1903751
1903753
1903755
1903758
1903759
1903762
1903766
1903770
1903772
1903774
1903775
1903778
1903779
1903788
1903799
1903800
1903815
1903824
1903825
1903826
1903827
1903828
1903829
1903830
1903839
1903852
1903861
1903862
1903874
1903883
1903886
1903887
1903891
1903892
1903894
1903895
1903896
1903897
1903898
1903899
1903900
1903902
1903903
1903905
1903906
1903909
1903911
1903912
1903917
1903919
1903923
1903925
1903926
1903928
1903935
1903936
1903937
1903949
1903954
1903955
1903959
1903975
1903980
1903984
1903988
1903991
1903997
1904000
1904009
1904010
1904015
1904017
1904021
1904024
1904025
1904027
1904030
1904031
1904037
1904042
1904045
1904046
1904049
1904056
1904057
1904058
1904059
1904071
1904075
1904100
1904106
1904117
1904120
1904139
1904140
1904141
1904151
1904152
1904153
1904154
1904155
1904156
1904158
1904168
1904172
1904178
1904179
1904182
1904193
1904197
1904199
1904205
1904206
1904209
1904211
1904213
1904219
1904222
1904227
1904231
1904234
1904237
1904240
1904244
1904251
1904261
1904262
1904263
1904268
1904274
1904283
1904292
1904293
1904294
1904300
1904303
1904306
1904308
1904310
1904312
1904314
1904317
1904320
1904322
1904325
1904326
1904330
1904336
1904338
1904339
1904340
1904343
1904346
1904348
1904352
1904353
1904354
1904355
1904356
1904357
1904358
1904364
1904367
1904373
1904378
1904379
1904380
1904381
1904382
1904383
1904385
1904389
1904391
1904395
1904397
1904414
1904417
1904424
1904425
1904426
1904427
1904428
1904430
1904431
1904434
1904437
1904442
1904447
1904450
1904453
1904457
1904466
1904468
1904469
1904471
1904474
1904479
1904482
1904491
1904496
1904501
1904504
1904506
1904515
1904526
1904527
1904528
1904530
1904531
1904535
1904544
1904562
1904566
1904568
1904570
1904574
1904582
1904586
1904589
1904591
1904628
1904630
1904632
1904635
1904637
1904639
1904640
1904646
1904651
1904659
1904667
1904668
1904681
1904684
1904685
1904693
1904694
1904706
1904707
1904714
1904715
1904721
1904722
1904723
1904733
1904736
1904743
1904744
1904751
1904753
1904754
1904761
1904764
1904779
1904792
1904793
1904796
1904808
1904815
1904816
1904823
1904828
1904831
1904835
1904837
1904850
1904851
1904861
1904862
1904864
1904867
1904871
1904874
1904876
1904879
1904884
1904885
1904886
1904887
1904891
1904896
1904902
1904903
1904908
1904911
1904914
1904925
1904934
1904938
1904947
1904948
1904953
1904954
1904955
1904970
1904980
1904984
1904988
1904992
1904996
1904998
1904999
1905004
1905006
1905007
1905012
1905037
1905039
1905045
1905053
1905064
1905065
1905075
1905090
1905122
1905143
1905150
1905162
1905165
1905166
1905171
1905176
1905206
1905259
1905279
1990000
1990001
1990029
1990034
1990035
1990036
1990046
1990051
1990074
1990079
1990086
1990089
1990090
1990108
1990117
1990123
1990126
1990134
1990138
1990144
1990145
1990166
1990167
1990168
1990172
1990180
1990182
1990245
1990253
1990256
1990258
1990261
1990262
1990264
1990266
1990268
1990314
1990349
1990375
1990379
1990384
1990390
1990401
1990402
1990403
1990414
1990416
1990418
1990426
1990428
1990440
1990441
1990451
1990478
1990481
1990502
1990504
1990519
1990523
1990539
1990569
1990573
1990579
1990592
1990614
1990619
1990637
1990641
1990643
1990646
1990654
1990697
1990705
1990708
1990737
1990743
1990744
1990755
1990767
1990771
1990774
1990776
1990785
1990791
1990792
1990809
1990822
1990828
1990830
1990831
1990845
1990869
1990926
1990927
1990938
1990966
2000001
2000002
2000003
2000005
2000007
2000008
2000009
2000010
2000016
2000017
2000019
2000020
2000021
2000027
2000035
2000036
2000041
2000042
2000043
2000045
2000048
2000049
2000050
2000051
2000052
2000054
2000055
2000057
2000058
2000059
2000060
2000062
2000063
2000065
2000066
2000074
2000077
2000078
2000080
2000095
2000096
2000097
2000098
2000105
2000107
2000108
2000109
2000110
2000111
2000114
2000116
2000117
2000118
2000119
2000120
2000121
2000124
2000134
2000137
2000138
2000142
2000143
2000144
2000145
2000146
2000147
2000156
2000157
2000158
2000167
2000170
2000171
2000172
2000173
2000176
2000177
2000178
2000179
2000184
2000187
2000188
2000189
2000191
2000193
2000194
2000195
2000209
2000210
2000211
2000212
2000213
2000224
2000225
2000227
2000230
2000231
2000232
2000233
2000249
2000251
2000252
2000253
2000255
2000256
2000266
2000269
2000270
2000271
2000272
2000273
2000276
2000277
2000278
2000279
2000286
2000287
2000288
2000291
2000293
2000296
2000297
2000299
2000300
2000301
2000302
2000303
2000304
2000308
2000309
2000310
2000311
2000312
2000313
2000314
2000318
2000320
2000321
2000323
2000324
2000327
2000329
2000330
2000331
2000334
2000340
2000342
2000343
2000344
2000345
2000346
2000347
2000348
2000349
2000350
2000351
2000352
2000353
2000354
2000355
2000357
2000358
2000360
2000363
2000366
2000368
2000369
2000370
2000373
2000374
2000376
2000377
2000378
2000379
2000381
2000382
2000386
2000388
2000391
2000392
2000393
2000394
2000397
2000401
2000402
2000404
2000405
2000406
2000412
2000415
2000417
2000418
2000420
2000424
2000425
2000426
2000427
2000438
2000439
2000446
2000451
2000452
2000454
2000458
2000463
2000464
2000465
2000466
2000467
2000469
2000473
2000474
2000478
2000479
2000480
2000481
2000482
2000483
2000484
2000486
2000487
2000490
2000491
2000494
2000502
2000503
2000504
2000505
2000506
2000507
2000508
2000510
2000513
2000514
2000516
2000518
2000521
2000522
2000525
2000526
2000529
2000533
2000534
2000535
2000536
2000538
2000541
2000543
2000544
2000545
2000546
2000547
2000548
2000549
2000552
2000553
2000556
2000558
2000560
2000562
2000563
2000564
2000566
2000568
2000570
2000572
2000573
2000574
2000576
2000584
2000587
2000590
2000591
2000594
2000597
2000599
2000601
2000607
2000609
2000611
2000612
2000615
2000616
2000617
2000619
2000620
2000623
2000627
2000628
2000629
2000630
2000632
2000637
2000639
2000641
2000642
2000643
2000645
2000646
2000647
2000648
2000649
2000650
2000651
2000653
2000655
2000657
2000659
2000660
2000663
2000664
2000666
2000667
2000669
2000670
2000671
2000672
2000675
2000676
2000677
2000678
2000679
2000680
2000681
2000682
2000683
2000685
2000687
2000688
2000691
2000696
2000703
2000706
2000707
2000721
2000723
2000724
2000726
2000727
2000729
2000734
2000736
2000737
2000738
2000739
2000740
2000741
2000744
2000751
2000753
2000755
2000757
2000761
2000763
2000764
2000765
2000766
2000767
2000768
2000772
2000773
2000774
2000775
2000777
2000778
2000779
2000780
2000781
2000785
2000786
2000791
2000793
2000794
2000795
2000798
2000802
2000806
2000807
2000808
2000809
2000810
2000811
2000812
2000813
2000818
2000819
2000820
2000821
2000824
2000825
2000826
2000827
2000828
2000836
2000845
2000850
2000852
2000854
2000860
2000864
2000870
2000872
2000969
2000971
2000973
2000974
2000977
2000978
2000979
2000981
2000984
2000987
2001013
2001014
2001015
2001016
2001020
2001022
2001023
2001025
2001027
2001028
2001031
2001032
2001033
2001034
2001037
2001038
2001040
2001044
2001045
2001046
2001051
2001054
2001055
2001056
2001076
2001106
2001108
2001111
2001113
2001135
2001137
2001140
2001141
2001142
2001145
2001150
2001153
2001162
2001165
2001168
2001170
2001171
2001178
2001180
2001181
2001182
2001183
2001184
2001186
2001189
2001190
2001193
2001198
2001199
2001200
2001202
2001204
2001205
2001206
2001208
2001212
2001213
2001214
2001222
2001223
2001224
2001225
2001226
2001229
2001234
2001235
2001236
2001237
2001238
2001239
2001240
2001241
2001242
2001243
2001244
2001246
2001247
2001250
2001251
2001252
2001253
2001256
2001257
2001258
2001259
2001264
2001268
2001269
2001271
2001272
2001273
2001274
2001275
2001286
2001287
2001288
2001294
2001295
2001300
2001303
2001306
2001311
