2
12
18
22
27
28
38
42
45
50
54
59
60
66
70
75
76
77
79
82
83
86
96
103
105
117
122
132
165
183
184
185
186
187
188
189
209
212
226
244
245
255
266
272
278
281
288
289
290
302
303
305
320
350
354
375
380
381
387
389
390
398
413
422
435
447
460
462
463
470
472
480
481
492
711
712
715
717
720
722
723
724
727
729
731
732
733
902
910
920
958
961
962
965
1315
1501
1502
1503
1504
1505
1507
1508
1514
1516
1519
1523
1525
1541
1542
1544
1547
1550
1552
1553
1554
1555
1556
1558
1561
1562
1568
1569
1570
1574
1576
1578
1582
1649
1654
1656
1657
1658
1659
1660
1661
1662
1666
1667
1675
1676
1678
1680
1694
1696
1701
1702
1707
1708
1709
1731
1732
1743
1755
1756
1764
1765
1766
1768
1770
1771
1774
1775
1776
1777
1778
1779
1780
1781
1782
1783
1808
1816
1817
1818
1819
1822
1823
1824
1831
1832
1833
1834
1836
1837
1842
1843
1844
1866
1869
1878
1886
1887
1889
1890
1892
1893
1894
1895
1912
1913
1915
1916
1919
1920
1921
1922
1932
1933
1934
1935
1936
1937
1938
1942
1944
1947
1952
1954
1955
1956
1957
1958
1960
1961
1963
1964
1967
1974
1975
1980
1985
1991
1994
1996
1997
2003
2011
2017
2018
2021
2026
2027
2028
2031
2033
2035
2036
2042
2052
2053
2062
2063
2064
2067
2070
2071
2072
2076
2082
2084
2085
2086
2087
2088
2090
2091
2092
2093
2115
2138
2149
2152
2155
2158
2159
2175
2181
2184
2215
2218
2221
2223
2224
2227
2230
2232
2237
2244
2248
2250
2262
2263
2277
2281
2282
2286
2291
2296
2302
2309
2312
2316
2318
2320
2322
2323
2326
2328
2329
2331
2337
2352
2358
2360
2361
2374
2376
2377
2381
2384
2385
2399
2407
2408
2414
2437
2438
2439
2446
2455
2460
2467
2474
2476
2479
2480
2481
2485
2489
2503
2504
2506
2507
2513
2518
2520
2523
2526
2528
2532
2537
2541
2543
2544
2548
2551
2561
2576
2587
2591
2606
2634
2637
2638
2639
2644
2645
2664
2666
2668
2674
2675
2676
2677
2679
2684
2685
2687
2690
2693
2711
2715
2717
2725
2726
2730
2740
2741
2755
2756
2762
2763
2767
2790
2792
2793
2819
2821
2826
2827
2829
2830
2860
2862
2863
2875
2876
2881
2891
2903
2904
2906
2920
2924
2925
2931
3006
3007
3009
3011
3012
3014
3016
3044
3050
3062
3064
3065
3069
3073
3084
3091
3093
3094
3095
3097
3104
3127
3143
3148
3149
3151
3169
3179
3181
3183
3184
3190
3197
3198
3203
3208
3215
3220
3222
3245
3251
3254
3274
3281
3283
3289
3300
3323
3333
3334
3340
3351
3360
3365
3374
3376
3382
3407
3416
3417
5513
5975
5977
5978
5979
5980
5981
5989
5997
5999
6000
6002
6003
6006
6007
6011
6012
6013
6020
6021
6024
6027
6029
6030
6032
6037
6044
6045
6047
6054
6061
6065
6066
6068
6069
6071
6072
6081
6083
6084
6085
6086
6089
6090
6091
6094
6096
6097
6098
6099
6101
6102
6103
6104
6105
6107
6108
6110
6111
6112
6114
6116
6117
6119
6120
6122
6123
6127
6139
6144
6145
6163
6164
6165
6167
6171
6172
6174
6182
6183
6185
6186
6189
6195
6198
6203
6206
6207
6208
6210
6212
6213
6214
6220
6221
6226
6228
6231
6241
6259
6260
6261
6264
6265
6268
6270
6271
6272
6273
6275
6278
6281
6283
6284
6285
6288
6289
6293
6294
6295
6296
6297
6298
6301
6302
6303
6306
6307
6308
6309
6310
6323
6325
6334
6335
6336
6337
6338
6342
6343
6344
6346
6348
6351
6352
6353
6355
6357
6359
6361
6362
6363
6364
6366
6367
6368
6369
6370
6376
6378
6383
6384
6388
6390
6391
6393
6396
6397
6398
6401
6402
6405
6406
6408
6409
6412
6413
6414
6415
6417
6418
6421
6425
6426
6428
6429
6430
6432
6434
6436
6437
6438
6446
6449
6450
6457
6461
6464
6465
6468
6469
6470
6471
6474
6475
6476
6479
6481
6486
6487
6488
6491
6493
6497
6499
6506
6508
6509
6511
6513
6515
6516
6517
6518
6520
6521
6525
6526
6527
6529
6531
6532
6533
6534
6536
6537
6538
6541
6543
6544
6546
6549
6552
6554
6555
6559
6560
6561
6562
6563
6565
6568
6572
6573
6574
6576
6579
6580
6581
6582
6584
6592
6593
6595
6596
6600
6601
6605
6606
6607
6610
6611
6612
6613
6614
6616
6621
6622
6623
6624
6625
6626
6627
6629
6631
6633
6635
6636
6637
6638
6641
6642
6643
6644
6646
6650
6651
6654
6655
6656
6657
6658
6659
6661
6662
6663
6664
6665
6669
6670
6672
6678
6679
6680
6681
6682
6683
6684
6685
6686
6687
6688
6689
6690
6691
6693
6694
6695
6699
6700
6701
6702
6703
6704
6705
6706
6707
6710
6711
6713
6720
6725
6730
6734
6739
6740
6741
6743
6744
6749
6750
6754
6756
6757
6760
6766
6768
6769
6772
6776
6777
6779
6781
6782
6783
6784
6796
6801
6805
6807
6808
6809
6810
6811
6812
6813
6814
6816
6820
6821
6825
6826
6833
6835
6836
6839
6851
6853
6855
6863
6864
6865
6869
6874
6878
6879
6880
6882
6883
6884
6885
6886
6887
6888
6890
6891
6892
6893
6895
6897
6898
6900
6903
6904
6906
6909
6910
6911
6913
6914
6915
6919
6921
6924
6925
6928
6930
6931
6933
6935
6936
6937
6939
6940
6941
6942
6948
6950
6952
6953
6954
6955
6956
6957
6958
6959
6968
6970
6972
6974
6975
6977
6978
6979
6982
6983
6986
6987
6995
6996
6997
6998
7000
7004
7005
7006
7007
7008
7009
7010
7015
7016
7017
7018
7019
7021
7023
7026
7028
7029
7030
7031
7032
7035
7040
7041
7042
7043
7044
7049
7050
7052
7059
7060
7062
7064
7067
7076
7077
7080
7084
7088
7089
7091
7093
7094
7095
7096
7097
7098
7099
7113
7126
7127
7129
7130
7131
7140
7141
7143
7144
7154
7155
7156
7157
7158
7159
7160
7161
7162
7163
7165
7166
7167
7169
7171
7172
7173
7175
7176
7178
7179
7182
7183
7184
7185
7186
7187
7188
7189
7190
7191
7193
7194
7196
7199
7200
7202
7204
7205
7206
7213
7214
7215
7216
7218
7219
7220
7223
7224
7229
7249
7250
7252
7253
7254
7256
7257
7258
7259
7260
7262
7263
7264
7265
7266
7267
7268
7269
7270
7274
7275
7276
7281
7283
7286
7288
7292
7296
7329
7338
7339
7340
7341
7343
7344
7346
7368
7369
7398
7399
7405
7406
7409
7411
7413
7416
7417
7420
7422
7431
7435
7492
7494
7498
7507
7512
7517
7518
7519
7520
7522
7525
7528
7548
7549
7565
7566
7567
7568
7569
7584
7585
7586
7588
7589
7595
7596
7597
7598
7599
7601
7602
7605
7606
7608
7610
7611
7612
7613
7614
7616
7617
7620
7623
7626
7628
7632
7635
8015
8016
8033
8038
8045
8049
8050
8053
8054
8063
8064
8065
8088
8089
8090
8104
8150
8152
8154
8156
8202
8203
8206
8207
8209
8210
8211
8217
8218
8219
8228
8277
8283
8284
8285
8286
8292
8295
8298
8299
8306
8333
8334
8340
8343
8344
8347
8354
8356
8360
8361
8366
8380
8406
8535
8542
8543
8544
8584
8585
8588
8593
8594
8608
8610
8611
8612
8617
8625
8626
8628
8630
8631
8635
8637
8643
8645
8652
8654
9048
9051
9052
9058
9060
9062
9063
9069
9070
9082
9083
9086
9098
9099
9100
9101
9103
9106
9108
9113
9116
9117
9142
9157
9165
9168
9214
9223
9235
9236
9247
9249
9253
9257
9258
9266
9267
9268
9299
9303
9305
9306
9308
9309
9311
9312
9313
9314
9386
9395
9396
9399
9404
9408
9409
9410
9411
9414
9416
9435
9436
9437
9440
9449
9450
9566
9584
9597
9605
9607
9611
9612
9615
9617
9620
9624
9629
9631
9635
9636
9642
9645
9648
9649
9650
9651
9653
9720
9725
9743
9744
9749
9750
9755
9790
9791
9792
9812
9813
9817
9822
9855
9880
9887
9888
9950
9952
9954
9956
9966
9967
9968
9987
9991
9992
9994
10001
10002
10021
10033
10034
10035
10038
10039
10040
10042
10043
10044
10085
10107
10121
10133
10155
10164
10165
10189
10193
10212
10224
10225
10226
10243
10248
10259
10266
10269
10273
10286
10288
10310
10324
10332
10388
10389
10390
10430
10447
10452
10453
10458
10459
10460
10466
10467
10468
10469
10470
10482
10498
10499
10501
10506
10507
10508
10510
10512
10517
10518
10519
10523
10524
10529
10534
10535
10544
10557
10559
10560
10564
10565
10569
10571
10572
10574
10575
10591
10592
10594
10595
10596
10608
10613
10614
10623
10625
10626
10628
10629
10631
10633
10634
10636
10637
10638
10641
10642
10649
10656
10659
10664
10666
10667
10693
10694
10700
10711
10715
10716
10717
10718
10719
10721
10722
10727
10734
10738
10742
10743
10744
10745
10748
10756
10759
10760
10761
10762
10763
10764
10765
10766
10768
10770
10792
10800
10801
10803
10804
10811
10812
10817
10818
10819
10820
10821
10822
10824
10825
10826
10827
10829
10831
10832
10837
10839
10842
10845
10847
10848
10849
10862
10863
10866
10867
10870
10871
10872
10873
10874
10875
10880
10881
10882
10883
10884
10886
10887
10888
10890
10891
10897
10898
10899
10900
10902
10903
10906
10907
10916
10917
10918
10923
10934
10936
10939
10940
10941
10942
10944
10950
10951
10952
10955
10956
10957
10971
10972
10976
10977
10980
10983
10987
10989
10991
10992
10994
10996
12501
14002
14003
14009
14012
14031
14032
14033
14038
14040
14041
14042
14044
14047
14048
14049
14050
14051
14053
14054
14059
14063
14065
14066
14068
14070
14074
14075
14076
14706
14718
14728
14732
14741
14805
14808
14809
14816
14819
14823
14824
14829
14835
14842
14843
14846
14850
14854
14856
14866
14870
14873
14878
14883
14889
14891
14894
14898
14909
14910
14911
14912
15012
15031
15670
15671
15677
15680
15696
15698
15701
15711
15718
15721
15722
15728
15732
15742
15746
15755
15758
15788
15791
15793
15798
15807
15810
15812
15813
15816
15837
15840
15853
15855
15858
15865
15866
15867
15871
15881
15884
15886
15908
15909
15910
15911
15914
15917
15918
15920
15936
15937
15939
15949
15966
15980
15986
15991
15992
16024
16031
16032
16036
16042
16045
16046
16048
16049
16050
16055
16064
16070
16075
16079
16080
16081
16082
16098
16101
16116
16119
16121
16122
16125
16126
16139
16188
16191
16192
16197
16199
16202
16203
16226
16233
16236
16239
16241
16242
16254
16255
16266
16269
16310
16311
16320
16321
16322
16331
16337
16339
16340
16358
16446
16447
16458
16476
16477
16480
16482
16485
16486
16488
16525
16540
16558
16559
16567
16568
16569
16570
16571
16572
16573
16574
16575
16578
16579
16598
16601
16925
17015
17038
17055
17085
17121
17143
17144
17145
17148
17156
17157
17158
17183
17196
18008
18022
18026
18027
18032
18101
18105
18106
18107
18108
18119
18125
18126
18146
18158
18171
18206
18279
18283
18315
18323
18343
18344
18350
18377
18393
18394
18401
18879
18894
18916
18931
18958
18963
19046
19048
19049
19050
19054
19058
19062
19064
19068
19074
19079
19083
19085
19086
19089
19216
19217
19218
19221
19226
19227
19228
19229
19230
19233
19240
19242
19243
19249
19254
19255
19264
19265
19287
19322
19346
19348
19367
19369
19370
19371
19372
19373
19376
19388
19395
19408
19430
19432
19433
19439
19448
19464
19470
19471
19481
19483
19484
19510
19518
19530
19544
19550
19551
19563
19626
19640
19673
19674
19694
19695
19722
19724
19725
19730
19731
19732
19742
19800
19827
19835
19836
19852
19853
19858
19859
19882
19883
19885
19886
19896
19915
19932
19933
19934
19941
19953
19985
20027
21501
21510
21512
21517
21520
21535
21537
21539
21540
21541
21542
21545
21547
21548
21549
21554
21587
21591
21631
21650
21670
21675
21680
21681
21682
21695
21697
21707
21740
21747
21756
21762
21764
21766
21768
21772
21773
21794
21795
21797
21799
21801
21819
21831
21846
21854
21860
21870
21881
21882
21884
21885
21894
21895
21904
21915
21940
21942
21952
21954
21960
21965
21983
21987
21999
22008
22010
22011
22027
22028
22029
22038
22400
22407
22408
22409
22417
22602
22604
22605
22612
22617
22898
22900
22904
23014
23019
23021
23051
23052
30001
30007
30010
30030
30031
30032
30033
30035
30036
30041
30042
30048
30049
30050
30071
30072
30073
30091
30097
30098
30099
30100
30101
30104
30111
30148
30149
30150
30154
30155
30157
30162
30163
30168
30174
30177
30178
30182
30183
30185
30193
30194
30195
30198
30199
30201
30203
30206
30207
30208
30212
30213
30214
30216
30217
30218
30219
30220
30222
30224
30225
30238
30239
30240
30241
30242
30252
30259
30260
30261
30262
30263
30264
30277
30278
30279
30282
30299
30300
30301
30302
30307
30308
30311
30316
30317
30318
30321
30322
30323
30324
30325
30326
30330
30334
30335
30336
30382
30388
30421
30422
30431
30433
30449
30488
30490
30500
30501
30502
30509
30510
30511
30512
30513
30514
30516
30517
30518
30520
30521
30522
30534
30539
30540
30573
30574
30576
30578
30593
30595
30638
30644
30705
30728
30730
30801
30816
30818
30819
30821
30822
30823
30832
30833
30834
30836
30837
30838
30850
30851
30853
30854
30855
30856
30857
30859
30866
30878
30879
30885
30886
30887
30889
30890
30900
30901
30902
30903
30910
30913
30916
30947
30948
30949
30950
30968
30970
31000
31016
31018
31022
31023
31032
31047
31053
31054
31063
31065
31069
31076
31077
31086
31098
31100
31102
31103
31104
31109
31113
31115
31116
31117
31122
31124
31125
31145
31146
31167
31175
31214
31223
31274
31275
31279
31281
31284
31290
31293
31295
31296
31297
31325
31328
31333
31334
31338
31339
31340
31365
31393
31394
31396
31397
31398
31424
31442
31444
31448
31449
31468
31497
31529
31532
31536
31547
31571
31572
31579
31581
31584
31585
31587
31589
31622
31623
31638
31639
31640
31641
31642
31643
31647
31648
31651
31652
31659
31663
31666
31667
31668
31669
31670
31848
31860
31914
31915
31929
31930
31937
31953
31954
31959
31987
31998
31999
32000
32006
32007
32012
32024
32025
32026
32042
32049
32057
32058
32060
32071
32077
32079
32088
32091
32092
32094
32095
32099
32100
32119
32147
32148
32206
32211
32212
32223
32224
32226
32227
32228
32229
32230
32233
32237
32252
32259
32264
32269
32270
32272
32286
32298
32304
32305
32308
32324
32331
32332
32342
32354
32355
32364
32367
32370
32374
32375
32376
32383
32385
32387
32392
32402
32410
32411
32418
32425
32429
32431
32434
32435
32436
32438
32446
32456
32459
32460
32461
32463
32464
32465
32467
32468
32469
32470
32471
32472
32479
32480
32481
32486
32489
32490
32494
32495
32496
32497
32502
32506
32507
32508
32515
32516
32525
32526
32534
32543
32570
32602
32609
32611
32613
32615
32616
32634
32637
32640
32648
32651
32667
32674
32680
32685
32688
32689
32691
32692
32693
32695
32696
32700
32701
32703
32707
32713
32714
32715
32717
32720
32722
32723
32725
32727
32728
32729
32731
32732
32733
32735
32736
32740
32741
32743
32747
32753
32754
32755
32757
32759
32760
32769
32774
32780
32781
32782
32784
32786
32787
32790
32793
32800
32801
32802
32805
32811
32816
32819
32825
32827
32834
32835
32836
32848
32868
32869
32870
32872
32874
32876
32880
32886
32897
32909
32914
32922
32924
32926
32927
32930
32933
32940
32943
32946
32956
32958
32959
32966
32967
32971
32972
32976
32981
33003
33004
33026
33032
33033
33077
33088
33089
33092
33108
33119
33120
33128
33129
33132
33133
33135
33136
33137
33138
33141
33144
33147
33148
33151
33152
33153
33158
33159
33160
33189
33194
33197
33198
33209
33210
33211
33227
33234
33235
33273
33275
33277
33280
33292
33299
33306
33314
33326
33327
33344
33353
33365
33384
33386
33388
33489
33490
33505
33522
33539
33540
33552
33554
33555
33561
33563
33564
33572
33574
33590
33591
33595
33598
33599
33600
33601
33602
33603
33615
33617
33619
33622
33625
33628
33630
33634
33673
33674
33683
33686
33688
33689
33690
33700
33762
33861
33962
33993
34014
34021
34047
34058
34063
34067
34080
34097
34101
34103
34105
34109
34112
34113
34115
34116
34121
34122
34123
34128
34130
34134
34136
34138
34140
34141
34142
34144
34145
34146
34148
34150
34154
34158
34162
34166
34184
34197
34198
34199
34201
34205
34214
34219
34220
34244
34260
34284
34315
34316
34329
34333
34341
34342
34346
34349
34351
34369
34370
34371
34372
34373
34374
34375
34377
34378
34379
34380
34381
34382
34383
34384
34391
34392
34393
34394
34405
34414
34427
34435
34436
34445
34446
34447
34453
34454
34465
34475
34498
34501
34504
34551
34599
34605
34612
34613
34614
34616
34625
34626
34628
34638
34644
34650
34651
34653
34656
34695
34696
34755
34765
34766
34767
34968
34975
34976
34982
34983
35019
35022
35023
35024
35025
35026
35037
35058
35066
35067
35082
35088
35089
35092
35094
35095
35108
35115
35116
35128
35136
35137
35148
35162
35176
35195
35196
35229
35234
35235
35249
35264
35265
35268
35269
35278
35305
35307
35308
35313
35315
35329
35335
35336
35338
35349
35350
35356
35357
35358
35360
35372
35377
35378
35385
35397
35404
35407
35408
35409
35412
35413
35414
35418
35426
35435
35455
35456
35457
35458
35459
35505
35509
35520
35556
35562
35566
35567
35582
35584
35590
35616
35617
35621
35624
35627
35630
35633
35634
35640
35641
35646
35655
35666
35669
35674
35684
35690
35691
35694
35705
35709
35712
35713
35714
35722
35723
35725
35726
35729
35735
35745
35747
35754
35759
35767
35768
35769
35771
35773
35774
35782
35783
35793
35795
35799
35810
35813
35814
35815
35822
35855
35860
35864
35865
35871
35873
35879
35897
35902
35904
35909
35910
35912
35914
35924
35928
35932
35945
35946
35962
35965
35967
35970
35987
35988
35994
35995
35999
36003
36006
36010
36016
36035
36037
36065
36089
36091
36092
36101
36109
36111
36112
36114
36116
36120
36146
36148
36149
36150
36151
36152
36155
36211
36258
36270
36273
36276
36289
36297
36302
36303
36304
36309
36336
36342
36371
36376
36378
36413
36438
36444
36462
36465
36471
36475
36481
36496
36498
36499
36500
36503
38001
38003
38007
38026
38027
38028
38033
38042
38043
38060
38061
38063
38066
38083
38084
38089
38091
38095
38096
38098
38108
38110
38111
38112
38113
38114
38123
38124
38127
38128
38145
38154
38155
38156
38158
38161
38162
38163
38165
38166
38170
38172
38180
38190
39534
39535
39536
39650
39694
39702
40001
40007
40008
40011
40012
40013
40014
40015
40016
40017
40018
40019
40020
40023
40029
40032
40036
40037
40038
42023
42026
42033
42035
42036
42045
42053
42059
42060
42063
42074
42088
42089
42092
42093
42094
42095
42098
42100
42102
42104
42107
42108
42110
42113
42116
42117
42118
42119
42127
42128
42129
42130
42133
42135
42136
42147
42149
42157
42158
42159
42176
42177
42178
42180
42182
42220
42226
42231
42246
42249
42253
42254
42255
42256
42262
42267
42270
42273
42274
42276
42297
42304
42306
42307
42308
42311
42322
42325
42326
42327
42340
42346
42347
42355
42359
42360
42361
42369
42376
42377
42384
42391
42407
42413
42415
42416
42420
42426
42428
42438
42443
42445
42446
42448
42450
42462
42472
42473
42474
42475
42476
42482
42488
42489
42491
42493
42495
42496
42503
42506
42508
42510
42511
42512
42516
42517
42518
42520
42523
42526
42531
42535
42536
42541
42542
42552
42554
42572
42573
42574
42592
42593
42594
42595
42631
42632
42633
42634
42637
42660
42692
42693
42694
42698
42700
42701
42704
42730
42732
42733
42737
42738
42742
42743
42744
42745
42747
42752
42753
42754
42755
42758
42759
42760
42761
42769
42770
42771
42775
42776
42780
42787
42789
42791
42795
42797
42832
42840
42851
42853
42866
42883
42904
42908
42921
42953
42977
42981
42982
42987
42989
42990
42991
42992
42993
42994
42997
42998
43001
43006
43009
43010
43011
43012
43017
43029
43030
43031
43032
43043
43044
43060
43065
43066
43067
43068
43069
43085
43086
43087
43097
43101
43113
43114
43116
43117
43122
43123
43124
43128
43129
43132
43149
43153
43154
43161
43162
43171
43200
43201
43206
43217
43241
43242
43243
43247
43248
43249
43252
43254
43266
43267
43268
43276
43277
43278
43279
43280
43281
43297
43303
43305
43306
43308
43310
43312
43323
43328
43330
43335
43353
43372
43374
43375
43382
43388
43392
43393
43400
43401
43402
43403
43405
43406
43407
43408
43409
43410
43415
43418
43433
43434
43457
43461
43462
43473
43484
43488
43490
43491
43496
43497
43503
43504
43507
43508
43516
43517
43518
43519
43523
43524
43525
43534
43536
43537
43542
43547
43549
43551
43552
43555
43567
43568
43569
43576
43583
43587
43588
43589
43615
43616
43619
43620
43622
43623
43627
43647
43649
43651
43652
43653
43687
43691
43697
43922
43923
43928
43931
43932
43950
43951
43966
43967
43968
43981
43982
43983
43987
43988
43990
44029
44053
44111
44117
44128
44130
44205
44208
44236
44240
44241
44242
44252
44255
44257
44258
44259
44262
44267
44268
44281
44319
44320
44321
44328
44329
44330
44331
44332
44341
44342
44344
44351
44387
44458
44539
44550
44571
44597
44598
44752
44770
44783
44791
44794
44819
44828
44829
44849
44854
44861
44868
45006
45007
45008
45010
45019
45022
45023
45039
45040
45041
45046
45047
45053
45055
45056
45058
45059
45060
45062
45063
45064
45066
45069
45070
45071
45077
45078
45079
45080
45082
45083
45084
45085
45086
45087
45088
45089
45104
45109
45116
45123
45124
45136
45141
45143
45161
45165
45175
45176
45184
45187
45188
45189
45190
45191
45197
45199
45200
45212
45213
45214
45216
45217
45225
45292
45329
45332
45333
45337
45338
45343
45345
45347
45348
45351
45355
45356
45359
45368
45381
45404
45407
45409
45410
45416
45425
45429
45444
45445
45446
45453
45454
45471
45494
45540
45541
45542
45556
45575
45577
45578
45579
45580
45581
45582
45585
45588
45589
45590
45591
45595
45596
45597
45598
45599
45600
45604
45605
45606
45616
45618
45619
45622
45625
45626
45627
45629
45630
45636
45637
45638
45639
45645
45646
45647
45648
45650
45651
45653
45656
45657
45661
45662
45663
45664
45665
45666
45667
45668
45669
45670
45671
45672
45682
45684
45713
45716
45717
45719
45721
45722
45723
45724
45725
45726
45727
45730
45732
45736
45737
45739
45740
45741
45742
45743
45744
45745
45746
45747
45751
45760
45765
45766
45773
45776
45777
45778
45779
45780
45785
45786
45787
45793
45794
45806
45807
45814
45815
45818
45819
45820
45821
45822
45823
45824
45830
45833
45835
45836
45837
45839
45840
45842
45843
45851
45859
45860
45861
45862
45869
45875
45880
45892
45893
45899
45900
45906
45907
45908
45909
45917
45918
45920
45921
45922
45925
45926
45927
45930
45931
45932
45943
45944
45945
45947
45948
45950
45954
45956
45963
45964
45986
45987
45988
45994
45995
46007
46010
46013
46031
46033
46034
46037
46039
46040
46041
46051
46054
46060
46061
46069
46070
46079
46081
46084
46104
46122
46134
46135
46164
46166
46167
46168
46185
46209
46292
46294
46295
46296
46314
46318
46320
46321
46322
46323
46324
46325
46326
46327
46328
46329
46330
46337
46338
46339
46340
46341
46359
46370
46390
46415
46426
46427
46449
46456
46459
46469
46470
46473
46474
46475
46477
46479
46483
46487
46488
46490
46498
46499
46500
46501
46511
46512
46513
46521
46533
46543
46544
46549
46578
46579
46580
46597
46599
46601
46602
46618
46620
46621
46622
46626
46627
46628
46631
46633
46641
46642
46651
46653
46655
46666
46668
46671
46676
46677
46680
46685
46686
46688
46689
46690
46697
46711
46716
46718
46724
46725
46732
46755
46777
46784
46785
46813
46822
46824
46825
46826
46827
46831
46833
46834
46835
46836
46839
46847
46849
46850
46854
46855
46856
46878
46879
46880
46881
46882
46885
46888
46889
46890
46898
46901
46902
46903
46907
46909
46929
46931
46939
46940
46942
46949
46950
46951
46952
46958
47496
47497
48008
48009
48010
48011
48012
48013
48015
48016
48017
48022
48024
48025
48026
48034
48041
48048
48066
48070
48087
48096
48102
48103
48133
48143
48146
48147
48148
48160
48167
48168
48169
48178
48193
48194
48205
48208
48211
48240
48245
48246
48247
48251
48255
48260
48261
48263
48265
48266
48268
48278
48280
48286
48290
48295
48298
48302
48304
48305
48312
48320
48327
48333
48339
48368
48382
48384
48385
48387
48388
48468
48469
48477
48488
48489
48490
48496
48511
48512
48513
48514
48515
48520
48524
48532
48535
48536
48538
48539
48541
48545
48546
48549
48563
48565
48566
48568
48589
48593
48596
48597
48598
48599
48609
48630
48632
48633
48635
48639
48642
48643
48644
48646
48660
48661
48662
48663
48666
48667
48669
48671
48672
48675
48678
48680
48699
48701
48702
48703
48704
48705
48706
48708
48709
48711
48713
48714
48715
48733
48738
48739
48741
48742
48743
48745
48747
48753
48754
48769
48771
48791
48806
48808
48812
48813
48814
48821
48822
48839
48842
48843
48844
48854
48858
48859
48861
48863
48864
48870
48872
48873
48936
50427
50434
50435
50482
50650
50658
50663
50665
50667
50668
50671
50672
50673
50679
50680
50684
50687
50688
50690
50691
50702
50707
50708
50709
50710
50711
50713
50714
50715
50718
50725
50726
50727
50728
50729
50730
50731
50732
50746
50747
50754
50760
50764
50765
50766
50767
50768
50769
50770
50771
50772
50773
50774
50775
50776
50777
50778
50779
50787
50790
50795
50796
50798
50803
50804
50805
50806
50807
50808
50810
50812
50820
50821
50828
50829
50830
50832
50847
50848
50850
50852
50853
50859
50860
50861
50862
50863
50867
50868
50869
50870
50871
50872
50873
50880
50882
50884
50885
50890
50891
50892
50896
50900
50901
50902
50905
50908
50909
50911
50912
50916
50917
50918
50919
50920
50921
50927
50930
50942
50951
50953
50954
50965
50982
50983
50992
50994
50995
50996
50999
51000
51001
51005
51006
51012
51013
51014
51016
51017
51023
51024
51025
51026
51028
51029
51041
51044
51045
51047
51048
51054
51056
51068
51081
51084
51085
51088
51089
51090
51091
51092
51096
51097
51098
51099
51101
51103
51106
51122
51124
51127
51131
51135
51138
51142
51145
51146
51149
51151
51152
51156
51168
51170
51180
51205
51208
51209
51216
51220
51222
51225
51228
51232
51246
51247
51250
51256
51257
51258
51259
51260
51262
51270
51272
51276
51279
51280
51281
51282
51284
51289
51290
51291
51292
51293
51294
51295
51297
51298
51299
51301
51302
51306
51307
51310
51321
51343
51344
51345
51346
51349
51353
51354
51365
51384
51386
51387
51389
51402
51403
51409
51412
51414
51436
51437
51438
51439
51443
51444
51452
51453
51461
51464
51466
51480
51481
51482
51490
51491
51492
51493
51495
51496
51497
51503
51533
51534
51545
51546
51549
51552
51560
51561
51563
51568
51569
51570
51571
51572
51574
51580
51583
51585
51591
51592
51593
51594
51595
51597
51598
51602
51603
51604
51607
51612
51622
51642
51643
51645
51646
51656
51659
51660
51668
51683
51685
51693
51694
51695
51712
51716
51726
51754
51770
51771
51775
51780
51781
51782
51788
51791
51792
51793
51795
51797
51798
51865
51878
51881
51891
51893
51894
51895
51897
51898
51899
51900
51901
51902
51917
51918
51919
51923
51924
51926
51928
51930
51932
51938
51939
51946
51963
51965
51966
51968
51970
51971
51973
51974
51983
51984
51987
51988
52695
52696
55001
55003
55008
55009
55010
55012
55013
55014
55015
55070
55072
55074
55075
55078
55081
55085
55088
55089
55090
55091
55093
55094
55096
55098
55099
55108
55113
55114
55117
55118
55119
55129
60003
60008
60009
60011
60012
60013
60020
60021
60033
60037
60038
60040
60041
60042
60045
60046
60047
60048
60052
60054
60055
60056
60058
60059
60065
60068
60070
60071
60073
60075
60078
60079
60080
60081
60100
60113
60117
60119
60124
60134
60135
60136
60137
60138
60139
60154
60155
60166
60173
60179
60192
60193
60213
60216
60218
60235
60236
60242
60252
60253
60259
60263
60265
60266
60267
60268
60271
60272
60279
60282
60287
60290
60291
60292
60296
60298
60302
60306
60307
60311
60312
60313
60314
60315
60316
60317
60319
60323
60324
60325
60326
60330
60333
60334
60336
60337
60338
60340
60341
60346
60347
60348
60349
60354
60355
60364
60368
60374
60382
60384
60389
60390
60391
60394
60395
60396
60397
60399
60400
60402
60411
60412
60413
60415
60416
60420
60421
60425
60426
60428
60440
60441
60444
60445
60449
60452
60453
60460
60463
60466
60474
60486
60487
60491
60509
60510
60528
60538
60541
60544
60546
60548
60550
60552
60557
60559
60561
60566
60571
60574
60588
60591
60598
60611
60612
60613
60621
60623
60627
60628
60632
60644
60662
60664
60670
60674
60683
60686
60687
60689
60693
60694
60695
60696
60697
60699
60702
60707
60708
60710
60711
60712
60713
60715
60716
60717
60718
60729
60732
60734
60735
60736
60740
60742
60744
60749
60750
60751
60754
60760
60761
60762
60763
60764
60765
60766
60789
60802
60823
60828
60842
60849
60850
60907
60923
60931
60948
60956
60965
60968
60971
60972
60973
60976
60982
60988
60992
60996
60997
60999
61001
61003
61014
61015
61024
61025
61028
61029
61034
61035
61036
61037
61040
61041
61042
61043
61045
61048
61049
61051
61053
61061
61072
61077
61084
61086
61092
61098
61099
61136
61141
61153
61154
61157
61158
61162
61178
61179
61180
61299
61300
61304
61308
61312
61314
61326
61333
61337
61351
61365
61370
61371
61383
61384
61395
61402
61418
61419
61428
61433
61436
61445
61458
61462
61467
61508
61512
61518
61564
61565
61566
61567
61568
61569
61570
61571
61589
61590
61591
61621
61624
61626
61635
61647
61684
61723
61732
61734
61738
61740
61741
65005
70059
70072
70076
70084
70091
70096
70098
70100
70102
70106
70120
70124
70125
70126
70129
70131
70141
70142
70164
70166
70173
70193
70198
70201
70207
70212
70213
70221
70230
70231
70233
70234
70236
70237
70242
70245
70247
70252
70257
70262
70266
70268
70293
70294
70296
70301
70306
70307
70314
70315
70328
70345
70351
70365
70370
70371
70372
70373
70374
70383
70389
70407
70409
70423
70424
70429
70430
70431
70433
70434
70446
70458
70474
70483
70487
70488
70493
70495
70498
70507
70508
70509
70527
70528
70534
70536
70541
70542
70543
70555
70561
70564
70584
70585
70588
70613
70634
70649
70668
70669
70670
70671
70672
70681
70723
70741
70779
70781
70813
70814
70816
70827
70828
70830
70836
70842
70845
70846
70848
70849
70857
70859
70863
70885
70899
70901
70911
70914
70932
70933
70934
70935
70936
70940
70944
70966
70970
70972
70973
70979
70986
70987
70989
70997
71028
71044
71051
71071
71073
71108
71110
71156
71157
71158
71168
71169
71218
71219
71221
71222
71223
71228
71230
71233
71234
71236
71241
71243
71247
71248
71250
71257
71259
71260
71268
71276
71277
71279
71280
71283
71284
71285
71286
71288
71294
71300
71305
71306
71307
71310
71312
71313
71314
71315
71316
71318
71320
71321
71322
71329
71332
71333
71340
71344
71345
71346
71347
71351
71353
71354
71356
71359
71360
71361
71363
71364
71371
71372
71373
71374
71375
71377
71378
71379
71380
71383
71384
71385
71387
71391
71392
71394
71395
71396
71397
71398
71400
71403
71404
71407
71414
71417
71420
71425
71441
71447
71448
71449
71451
71453
71454
71455
71456
71464
71466
71468
71470
71472
71474
71476
71479
71480
71481
71492
71493
71498
71500
71506
71514
71526
71529
71539
71542
71548
71549
71550
71557
71559
71560
71577
71596
71621
71635
71636
71638
71639
71650
71651
71663
71673
71677
71679
71711
71712
71726
71727
71731
71732
71763
71765
71773
71774
71786
71787
71799
71800
71801
71803
71805
71806
71812
71816
71839
71847
71848
71850
71864
71866
71871
71872
71873
71874
71879
71880
71894
71897
71900
71901
71902
71907
71918
71926
71930
71931
71947
71951
71954
71962
71985
72061
72091
72102
72108
72126
72133
72134
72136
72144
72160
72162
72164
72177
72205
72218
72229
72237
72255
72287
72300
72307
72308
72318
72321
72332
72350
72358
72362
72363
72366
72368
72369
72383
72385
72389
72431
72432
72434
72488
72520
72531
72537
72540
72573
72577
72579
72583
72584
72592
72593
72594
72599
72600
72610
72643
72655
72656
72657
72659
72661
72663
72666
72672
72673
72675
72676
72678
72679
72697
72703
72709
72711
72718
72721
72732
75522
75525
75733
80121
80154
80182
80184
85018
85029
86001
86003
86004
86005
86009
86010
86012
86013
86014
86015
86023
86029
86036
86046
86064
86066
86070
86091
86092
86097
89700
89711
89712
90002
90003
90004
90005
90009
90010
90023
90026
90027
90031
90035
90037
90042
90043
90044
90045
90050
90051
90073
90076
90084
90090
90091
90102
90103
90107
90129
90131
90136
90140
90141
90148
90149
90150
90156
90158
90160
90161
90162
90166
90168
90170
90176
90181
90190
90197
90200
90201
90204
90207
90212
90218
90244
90258
90259
90261
90263
90265
90266
90271
90277
90279
90280
90281
90286
90290
90291
90292
90296
90298
90303
90305
90307
90309
90314
90315
90316
90324
90327
90330
90331
90335
90336
90344
90361
90362
90370
90383
90387
90394
90398
90399
90400
90403
90502
90503
90527
90557
90559
90611
90630
90646
90648
90650
90656
90657
90662
90666
93001
97006
97009
97010
97011
97017
97026
97028
97029
97031
97035
97045
97049
97050
97051
97052
97055
97056
97061
97066
97067
97070
97084
97089
97094
97111
97112
97150
97151
97154
97155
97167
97178
97186
97187
97190
97191
97192
97193
97194
97195
97202
97211
97212
97238
97242
97252
97264
97267
97272
97274
97284
97296
97300
97305
97320
97345
97352
97411
97421
97428
97435
97459
97484
97494
97498
97502
97503
97510
97527
97531
97681
97694
97695
98535
98542
98586
98609
98655
98656
98719
98735
98746
98779
98789
98792
98868
98869
98901
98904
98907
98908
98909
98910
98911
99601
1900006
1900015
1900016
1900017
1900026
1900028
1900029
1900034
1900044
1900045
1900053
1900060
1900063
1900086
1900087
1900102
1900103
1900112
1900114
1900116
1900118
1900119
1900122
1900126
1900127
1900131
1900153
1900163
1900164
1900165
1900181
1900182
1900195
1900221
1900224
1900226
1900227
1900229
1900260
1900264
1900272
1900273
1900281
1900364
1900425
1900535
1900740
1900744
1900745
1900747
1900748
1901006
1901016
1901017
1901018
1901019
1901020
1901021
1901026
1901029
1901030
1901164
1901165
1901185
1901203
1901205
1901206
1901214
1901215
1901216
1901223
1901224
1901247
1901251
1901291
1901300
1901317
1901355
1901373
1901379
1901380
1901383
1901385
1901387
1901409
1901475
1901509
1901522
1901532
1901557
1901558
1901563
1901581
1901582
1901624
1901642
1901653
1901661
1901666
1901671
1901673
1901675
1901676
1901687
1901725
1901727
1901740
1901741
1901796
1901799
1901800
1901837
1901838
1901841
1901844
1901846
1901856
1901857
1901860
1901862
1901863
1901877
1901888
1901890
1901894
1901895
1901896
1901897
1901970
1901984
1901992
1901998
1902004
1902017
1902031
1902035
1902041
1902042
1902043
1902065
1902068
1902074
1902081
1902083
1902108
1902109
1902166
1902170
1902172
1902174
1902176
1902177
1902187
1902188
1902219
1902228
1902230
1902236
1902237
1902251
1902253
1902256
1902259
1902262
1902263
1902268
1902304
1902305
1902306
1902307
1902309
1902310
1902336
1902361
1902380
1902430
1902443
1902445
1902459
1902466
1902475
1902476
1902498
1902510
1902512
1902514
1902523
1902524
1902525
1902527
1902530
1902533
1902598
1902600
1902616
1902617
1902626
1902714
1902715
1902721
1902722
1902723
1902725
1902742
1902749
1902750
1902751
1902766
1902771
1902775
1902808
1902809
1902824
1902847
1902856
1902857
1902894
1902895
1902897
1902902
1902903
1902904
1902948
1902949
1902953
1902955
1902957
1902958
1902959
1902960
1902961
1902963
1902966
1902990
1902997
1902998
1903006
1903007
1903025
1903033
1903038
1903044
1903052
1903070
1903073
1903077
1903094
1903122
1903126
1903140
1903141
1903142
1903146
1903147
1903168
1903169
1903170
1903178
1903181
1903190
1903197
1903200
1903202
1903204
1903206
1903208
1903209
1903214
1903237
1903251
1903263
1903265
1903278
1903280
1903281
1903284
1903285
1903288
1903298
1903305
1903347
1903351
1903352
1903364
1903377
1903378
1903384
1903409
1903413
1903416
1903420
1903421
1903426
1903427
1903428
1903441
1903491
1903506
1903507
1903527
1903533
1903538
1903543
1903551
1903553
1903556
1903572
1903578
1903579
1903586
1903588
1903599
1903608
1903660
1903671
1903672
1903673
1903689
1903712
1903715
1903721
1903725
1903751
1903772
1903774
1903778
1903779
1903799
1903800
1903825
1903827
1903861
1903862
1903895
1903896
1903898
1903903
1903906
1903909
1903911
1903912
1903917
1903923
1903925
1903955
1903959
1903984
1904017
1904025
1904031
1904037
1904042
1904045
1904071
1904100
1904117
1904141
1904155
1904156
1904168
1904179
1904205
1904231
1904234
1904244
1904251
1904261
1904262
1904293
1904294
1904308
1904310
1904312
1904314
1904352
1904354
1904355
1904357
1904358
1904378
1904379
1904383
1904385
1904426
1904430
1904431
1904450
1904468
1904482
1904504
1904506
1904535
1904562
1904566
1904582
1904586
1904589
1904591
1904628
1904630
1904632
1904635
1904637
1904639
1904640
1904646
1904659
1904668
1904681
1904684
1904694
1904706
1904707
1904714
1904715
1904721
1904722
1904753
1904754
1904764
1904815
1904823
1904837
1904851
1904871
1904874
1904876
1904884
1904885
1904886
1904903
1904908
1904925
1904947
1904980
1904988
1904996
1904999
1905006
1905007
1905039
1905064
1905075
1905162
1905171
1905176
1905259
1990000
1990001
1990034
1990035
1990079
1990086
1990090
1990117
1990126
1990138
1990144
1990166
1990180
1990253
1990261
1990266
1990268
1990314
1990401
1990402
1990416
1990428
1990440
1990441
1990519
1990539
1990569
1990573
1990619
1990737
1990743
1990828
1990831
1990845
1990927
1990966
2000001
2000002
2000008
2000009
2000010
2000017
2000036
2000045
2000048
2000049
2000057
2000058
2000059
2000060
2000074
2000078
2000096
2000098
2000107
2000109
2000110
2000111
2000114
2000116
2000117
2000121
2000134
2000143
2000144
2000145
2000147
2000157
2000158
2000171
2000172
2000173
2000177
2000178
2000184
2000188
2000189
2000191
2000210
2000224
2000230
2000231
2000232
2000249
2000251
2000252
2000255
2000270
2000271
2000272
2000273
2000276
2000277
2000278
2000279
2000288
2000291
2000300
2000304
2000309
2000310
2000311
2000318
2000320
2000323
2000329
2000330
2000334
2000343
2000344
2000345
2000347
2000349
2000352
2000353
2000366
2000369
2000373
2000377
2000378
2000379
2000397
2000404
2000405
2000406
2000412
2000418
2000424
2000427
2000438
2000439
2000451
2000454
2000463
2000464
2000466
2000473
2000479
2000480
2000481
2000483
2000484
2000494
2000502
2000503
2000505
2000506
2000507
2000508
2000510
2000513
2000518
2000529
2000538
2000543
2000544
2000545
2000546
2000548
2000549
2000552
2000553
2000556
2000558
2000560
2000562
2000563
2000566
2000568
2000570
2000572
2000573
2000574
2000584
2000587
2000591
2000601
2000617
2000619
2000630
2000637
2000641
2000649
2000650
2000651
2000653
2000655
2000660
2000663
2000664
2000666
2000667
2000669
2000670
2000672
2000675
2000676
2000678
2000679
2000681
2000687
2000707
2000721
2000727
2000737
2000744
2000753
2000755
2000757
2000767
2000772
2000773
2000774
2000775
2000777
2000778
2000779
2000781
2000785
2000786
2000791
2000795
2000806
2000807
2000810
2000811
2000812
2000818
2000819
2000820
2000825
2000827
2000828
2000969
2000984
2001013
2001014
2001015
2001016
2001020
2001022
2001023
2001028
2001031
2001032
2001033
2001037
2001038
2001044
2001046
2001054
2001135
2001137
2001140
2001141
2001153
2001165
2001171
2001180
2001181
2001183
2001184
2001190
2001199
2001206
2001212
2001214
2001224
2001226
2001229
2001234
2001235
2001236
2001237
2001238
2001240
2001241
2001242
2001243
2001244
2001247
2001256
2001258
2001259
2001264
2001268
2001269
2001273
2001274
2001275
2001294
2001295
2001300
2001311
